0 396
0 397
0 398
1 193
1 194
1 195
1 196
1 197
1 198
1 199
1 200
1 201
1 202
1 203
1 204
1 205
1 206
1 207
1 208
1 395
1 396
1 397
2 185
2 186
2 187
2 188
2 189
2 190
2 191
2 192
2 193
2 194
2 195
2 196
2 197
2 198
2 199
2 200
2 201
2 202
2 203
2 204
2 205
2 206
2 207
2 208
2 209
2 210
2 211
2 212
2 213
2 214
2 394
2 395
2 396
3 175
3 176
3 177
3 178
3 179
3 180
3 181
3 182
3 183
3 184
3 185
3 186
3 187
3 188
3 189
3 190
3 191
3 192
3 193
3 194
3 197
3 198
3 199
3 203
3 205
3 207
3 208
3 209
3 210
3 211
3 212
3 213
3 214
3 215
3 216
3 217
3 218
3 219
3 393
3 394
3 395
4 174
4 175
4 176
4 177
4 178
4 179
4 180
4 181
4 182
4 183
4 184
4 185
4 186
4 188
4 196
4 197
4 198
4 199
4 207
4 209
4 211
4 213
4 214
4 215
4 216
4 217
4 218
4 219
4 392
4 393
4 394
5 174
5 175
5 176
5 196
5 197
5 198
5 218
5 219
5 391
5 392
5 393
6 173
6 174
6 175
6 196
6 197
6 218
6 219
6 390
6 391
6 392
7 172
7 173
7 174
7 175
7 195
7 196
7 217
7 218
7 219
7 389
7 390
7 391
8 172
8 173
8 174
8 195
8 196
8 217
8 218
8 219
8 388
8 389
8 390
9 171
9 172
9 173
9 194
9 195
9 217
9 218
9 387
9 388
9 389
10 171
10 172
10 173
10 194
10 195
10 216
10 217
10 218
10 386
10 387
10 388
11 170
11 171
11 172
11 193
11 194
11 216
11 217
11 218
11 385
11 386
11 387
12 170
12 171
12 172
12 193
12 194
12 215
12 216
12 217
12 384
12 385
12 386
13 169
13 170
13 171
13 193
13 215
13 216
13 217
13 383
13 384
13 385
14 169
14 170
14 171
14 192
14 214
14 215
14 216
14 382
14 383
14 384
15 168
15 169
15 170
15 191
15 192
15 213
15 214
15 215
15 216
15 381
15 382
15 383
16 168
16 169
16 170
16 191
16 192
16 213
16 214
16 215
16 380
16 381
16 382
17 167
17 168
17 169
17 191
17 212
17 213
17 214
17 379
17 380
17 381
18 167
18 168
18 169
18 190
18 212
18 213
18 214
18 378
18 379
18 380
19 166
19 167
19 168
19 190
19 211
19 212
19 213
19 377
19 378
19 379
20 166
20 167
20 168
20 189
20 211
20 212
20 213
20 376
20 377
20 378
21 165
21 166
21 167
21 189
21 210
21 211
21 212
21 375
21 376
21 377
22 165
22 166
22 167
22 210
22 211
22 212
22 374
22 375
22 376
23 164
23 165
23 166
23 188
23 209
23 210
23 211
23 373
23 374
23 375
24 164
24 165
24 166
24 209
24 210
24 211
24 372
24 373
24 374
25 163
25 164
25 165
25 208
25 209
25 210
25 371
25 372
25 373
26 163
26 164
26 165
26 186
26 208
26 209
26 210
26 370
26 371
26 372
27 163
27 164
27 207
27 208
27 209
27 369
27 370
27 371
28 162
28 163
28 164
28 207
28 208
28 209
28 368
28 369
28 370
29 161
29 162
29 163
29 164
29 206
29 207
29 208
29 367
29 368
29 369
30 161
30 162
30 163
30 184
30 206
30 207
30 208
30 366
30 367
30 368
31 160
31 161
31 162
31 205
31 206
31 207
31 365
31 366
31 367
32 160
32 161
32 162
32 205
32 206
32 207
32 364
32 365
32 366
33 160
33 161
33 204
33 205
33 206
33 363
33 364
33 365
34 159
34 160
34 161
34 203
34 204
34 205
34 206
34 362
34 363
34 364
35 158
35 159
35 160
35 161
35 203
35 204
35 205
35 361
35 362
35 363
36 158
36 159
36 160
36 181
36 203
36 204
36 360
36 361
36 362
37 158
37 159
37 202
37 203
37 204
37 359
37 360
37 361
38 157
38 158
38 159
38 202
38 203
38 204
38 358
38 359
38 360
39 156
39 157
39 158
39 159
39 201
39 202
39 203
39 357
39 358
39 359
40 156
40 157
40 158
40 201
40 202
40 203
40 356
40 357
40 358
41 156
41 157
41 200
41 201
41 202
41 355
41 356
41 357
42 156
42 157
42 199
42 200
42 201
42 202
42 354
42 355
42 356
43 156
43 157
43 199
43 200
43 201
43 353
43 354
43 355
44 156
44 157
44 158
44 159
44 160
44 161
44 162
44 192
44 193
44 194
44 195
44 196
44 197
44 198
44 199
44 200
44 352
44 353
44 354
45 156
45 157
45 158
45 159
45 160
45 161
45 162
45 163
45 164
45 190
45 191
45 192
45 193
45 194
45 195
45 196
45 197
45 198
45 199
45 200
45 351
45 352
45 353
46 160
46 161
46 162
46 163
46 190
46 191
46 192
46 193
46 350
46 351
46 352
47 159
47 160
47 161
47 162
47 190
47 191
47 349
47 350
47 351
48 159
48 160
48 161
48 190
48 191
48 348
48 349
48 350
49 159
49 160
49 190
49 191
49 347
49 348
49 349
50 159
50 160
50 188
50 189
50 190
50 191
50 346
50 347
50 348
51 159
51 160
51 161
51 186
51 187
51 188
51 189
51 190
51 191
51 345
51 346
51 347
52 159
52 160
52 161
52 162
52 184
52 185
52 186
52 187
52 188
52 189
52 344
52 345
52 346
53 160
53 161
53 162
53 163
53 172
53 173
53 182
53 183
53 184
53 185
53 186
53 187
53 343
53 344
53 345
54 161
54 162
54 163
54 164
54 165
54 169
54 170
54 171
54 172
54 173
54 174
54 175
54 179
54 180
54 181
54 182
54 183
54 184
54 185
54 342
54 343
54 344
55 162
55 163
55 164
55 165
55 168
55 169
55 170
55 171
55 172
55 173
55 174
55 175
55 176
55 178
55 179
55 180
55 181
55 182
55 183
55 341
55 342
55 343
56 162
56 163
56 164
56 165
56 167
56 168
56 169
56 170
56 172
56 173
56 174
56 175
56 178
56 179
56 180
56 340
56 341
56 342
57 160
57 161
57 162
57 163
57 164
57 167
57 168
57 169
57 171
57 172
57 173
57 174
57 178
57 179
57 339
57 340
57 341
58 159
58 160
58 161
58 162
58 163
58 167
58 168
58 170
58 171
58 172
58 173
58 178
58 179
58 180
58 338
58 339
58 340
59 158
59 159
59 160
59 161
59 167
59 168
59 169
59 170
59 171
59 172
59 178
59 179
59 180
59 337
59 338
59 339
60 157
60 158
60 159
60 160
60 167
60 168
60 169
60 170
60 171
60 179
60 180
60 336
60 337
60 338
61 155
61 156
61 157
61 158
61 159
61 167
61 168
61 169
61 170
61 179
61 180
61 335
61 336
61 337
62 154
62 155
62 156
62 157
62 158
62 167
62 168
62 169
62 179
62 180
62 181
62 334
62 335
62 336
63 153
63 154
63 155
63 156
63 167
63 168
63 179
63 180
63 181
63 333
63 334
63 335
64 152
64 153
64 154
64 155
64 180
64 181
64 332
64 333
64 334
65 152
65 153
65 154
65 180
65 181
65 331
65 332
65 333
66 152
66 153
66 180
66 181
66 330
66 331
66 332
67 152
67 153
67 161
67 162
67 163
67 164
67 165
67 166
67 167
67 168
67 169
67 170
67 178
67 179
67 180
67 181
67 329
67 330
67 331
68 152
68 153
68 154
68 155
68 156
68 157
68 158
68 159
68 160
68 161
68 162
68 163
68 164
68 165
68 166
68 167
68 168
68 169
68 170
68 171
68 172
68 173
68 174
68 175
68 176
68 177
68 178
68 179
68 180
68 181
68 328
68 329
68 330
69 152
69 153
69 154
69 155
69 156
69 157
69 158
69 159
69 160
69 161
69 162
69 169
69 170
69 171
69 172
69 173
69 174
69 175
69 176
69 177
69 178
69 179
69 327
69 328
69 329
70 326
70 327
70 328
71 325
71 326
71 327
72 324
72 325
72 326
73 323
73 324
73 325
74 322
74 323
74 324
75 321
75 322
75 323
76 320
76 321
76 322
77 319
77 320
77 321
78 318
78 319
78 320
79 317
79 318
79 319
80 316
80 317
80 318
81 315
81 316
81 317
82 314
82 315
82 316
83 313
83 314
83 315
84 312
84 313
84 314
85 311
85 312
85 313
86 310
86 311
86 312
87 309
87 310
87 311
88 308
88 309
88 310
89 307
89 308
89 309
90 306
90 307
90 308
91 305
91 306
91 307
92 304
92 305
92 306
93 303
93 304
93 305
94 302
94 303
94 304
95 301
95 302
95 303
96 300
96 301
96 302
97 299
97 300
97 301
98 298
98 299
98 300
99 297
99 298
99 299
100 296
100 297
100 298
101 295
101 296
101 297
102 294
102 295
102 296
103 293
103 294
103 295
104 292
104 293
104 294
105 291
105 292
105 293
106 290
106 291
106 292
107 289
107 290
107 291
108 288
108 289
108 290
109 287
109 288
109 289
110 286
110 287
110 288
111 285
111 286
111 287
112 284
112 285
112 286
113 283
113 284
113 285
114 282
114 283
114 284
115 281
115 282
115 283
116 280
116 281
116 282
117 279
117 280
117 281
118 278
118 279
118 280
119 277
119 278
119 279
120 276
120 277
120 278
121 275
121 276
121 277
122 274
122 275
122 276
123 273
123 274
123 275
124 272
124 273
124 274
125 271
125 272
125 273
126 270
126 271
126 272
127 269
127 270
127 271
128 268
128 269
128 270
129 267
129 268
129 269
130 266
130 267
130 268
131 265
131 266
131 267
132 264
132 265
132 266
133 263
133 264
133 265
134 262
134 263
134 264
135 261
135 262
135 263
136 260
136 261
136 262
137 259
137 260
137 261
138 258
138 259
138 260
139 257
139 258
139 259
140 256
140 257
140 258
141 255
141 256
141 257
142 254
142 255
142 256
143 253
143 254
143 255
144 252
144 253
144 254
145 251
145 252
145 253
146 250
146 251
146 252
147 249
147 250
147 251
148 248
148 249
148 250
149 247
149 248
149 249
150 246
150 247
150 248
151 245
151 246
151 247
152 64
152 65
152 66
152 67
152 68
152 69
152 176
152 177
152 178
152 179
152 180
152 181
152 244
152 245
152 246
153 63
153 64
153 65
153 66
153 67
153 68
153 69
153 175
153 176
153 177
153 178
153 179
153 180
153 181
153 243
153 244
153 245
154 62
154 63
154 64
154 65
154 68
154 69
154 174
154 175
154 176
154 177
154 180
154 181
154 242
154 243
154 244
155 61
155 62
155 63
155 64
155 68
155 69
155 173
155 174
155 175
155 176
155 180
155 181
155 241
155 242
155 243
156 39
156 40
156 41
156 42
156 43
156 44
156 45
156 61
156 62
156 63
156 68
156 69
156 172
156 173
156 174
156 175
156 179
156 180
156 181
156 197
156 198
156 199
156 200
156 201
156 240
156 241
156 242
157 38
157 39
157 40
157 41
157 42
157 43
157 44
157 45
157 60
157 61
157 62
157 68
157 69
157 171
157 172
157 173
157 174
157 179
157 180
157 181
157 195
157 196
157 197
157 198
157 199
157 200
157 201
157 202
157 239
157 240
157 241
158 35
158 36
158 37
158 38
158 39
158 40
158 44
158 45
158 59
158 60
158 61
158 62
158 68
158 69
158 170
158 171
158 172
158 173
158 179
158 180
158 194
158 195
158 196
158 197
158 198
158 200
158 201
158 202
158 203
158 238
158 239
158 240
159 34
159 35
159 36
159 37
159 38
159 39
159 44
159 45
159 47
159 48
159 49
159 50
159 51
159 52
159 58
159 59
159 60
159 61
159 68
159 69
159 169
159 170
159 171
159 172
159 179
159 180
159 186
159 187
159 188
159 189
159 190
159 191
159 193
159 194
159 195
159 196
159 201
159 202
159 203
159 237
159 238
159 239
160 31
160 32
160 33
160 34
160 35
160 36
160 44
160 45
160 46
160 47
160 48
160 49
160 50
160 51
160 52
160 53
160 57
160 58
160 59
160 60
160 68
160 69
160 168
160 169
160 170
160 171
160 179
160 180
160 184
160 185
160 186
160 187
160 188
160 189
160 190
160 191
160 192
160 193
160 194
160 195
160 202
160 203
160 204
160 205
160 236
160 237
160 238
161 29
161 30
161 31
161 32
161 33
161 34
161 35
161 44
161 45
161 46
161 47
161 48
161 51
161 52
161 53
161 54
161 57
161 58
161 59
161 67
161 68
161 69
161 168
161 169
161 170
161 178
161 179
161 180
161 182
161 183
161 184
161 185
161 186
161 187
161 190
161 191
161 192
161 193
161 194
161 202
161 203
161 204
161 205
161 206
161 235
161 236
161 237
162 28
162 29
162 30
162 31
162 32
162 44
162 45
162 46
162 47
162 52
162 53
162 54
162 55
162 56
162 57
162 58
162 67
162 68
162 69
162 167
162 168
162 169
162 178
162 179
162 180
162 181
162 182
162 183
162 184
162 185
162 190
162 191
162 192
162 193
162 204
162 205
162 206
162 207
162 234
162 235
162 236
163 25
163 26
163 27
163 28
163 29
163 30
163 45
163 46
163 53
163 54
163 55
163 56
163 57
163 58
163 67
163 68
163 166
163 167
163 168
163 169
163 178
163 179
163 180
163 181
163 182
163 183
163 189
163 190
163 191
163 192
163 205
163 206
163 207
163 208
163 233
163 234
163 235
164 23
164 24
164 25
164 26
164 27
164 28
164 29
164 45
164 54
164 55
164 56
164 57
164 67
164 68
164 165
164 166
164 167
164 168
164 178
164 179
164 180
164 181
164 182
164 189
164 190
164 206
164 207
164 208
164 209
164 232
164 233
164 234
165 21
165 22
165 23
165 24
165 25
165 26
165 54
165 55
165 56
165 67
165 68
165 164
165 165
165 166
165 167
165 178
165 179
165 180
165 207
165 208
165 209
165 210
165 231
165 232
165 233
166 19
166 20
166 21
166 22
166 23
166 24
166 67
166 68
166 163
166 164
166 165
166 166
166 178
166 208
166 209
166 210
166 211
166 230
166 231
166 232
167 17
167 18
167 19
167 20
167 21
167 22
167 56
167 57
167 58
167 59
167 60
167 61
167 62
167 63
167 67
167 68
167 162
167 163
167 164
167 165
167 167
167 168
167 169
167 170
167 171
167 172
167 173
167 174
167 175
167 176
167 209
167 210
167 211
167 212
167 229
167 230
167 231
168 15
168 16
168 17
168 18
168 19
168 20
168 55
168 56
168 57
168 58
168 59
168 60
168 61
168 62
168 63
168 67
168 68
168 161
168 162
168 163
168 164
168 167
168 168
168 169
168 170
168 171
168 172
168 173
168 174
168 175
168 176
168 210
168 211
168 212
168 213
168 228
168 229
168 230
169 13
169 14
169 15
169 16
169 17
169 18
169 54
169 55
169 56
169 57
169 59
169 60
169 61
169 62
169 67
169 68
169 69
169 159
169 160
169 161
169 162
169 163
169 167
169 168
169 173
169 174
169 175
169 211
169 212
169 213
169 214
169 227
169 228
169 229
170 11
170 12
170 13
170 14
170 15
170 16
170 54
170 55
170 56
170 58
170 59
170 60
170 61
170 67
170 68
170 69
170 158
170 159
170 160
170 161
170 162
170 167
170 168
170 172
170 173
170 174
170 175
170 212
170 213
170 214
170 215
170 226
170 227
170 228
171 9
171 10
171 11
171 12
171 13
171 14
171 54
171 55
171 57
171 58
171 59
171 60
171 68
171 69
171 157
171 158
171 159
171 160
171 167
171 168
171 172
171 173
171 174
171 213
171 214
171 215
171 216
171 225
171 226
171 227
172 7
172 8
172 9
172 10
172 11
172 12
172 53
172 54
172 55
172 56
172 57
172 58
172 59
172 68
172 69
172 156
172 157
172 158
172 159
172 167
172 168
172 170
172 171
172 172
172 173
172 214
172 215
172 216
172 224
172 225
172 226
173 6
173 7
173 8
173 9
173 10
173 53
173 54
173 55
173 56
173 57
173 58
173 68
173 69
173 155
173 156
173 157
173 158
173 167
173 168
173 169
173 170
173 171
173 172
173 173
173 215
173 216
173 217
173 218
173 223
173 224
173 225
174 4
174 5
174 6
174 7
174 8
174 54
174 55
174 56
174 57
174 68
174 69
174 154
174 155
174 156
174 157
174 167
174 168
174 169
174 170
174 171
174 215
174 216
174 217
174 218
174 219
174 222
174 223
174 224
175 3
175 4
175 5
175 6
175 7
175 54
175 55
175 56
175 68
175 69
175 153
175 154
175 155
175 156
175 167
175 168
175 169
175 170
175 217
175 218
175 219
175 221
175 222
175 223
176 3
176 4
176 5
176 55
176 68
176 69
176 152
176 153
176 154
176 155
176 167
176 168
176 218
176 219
176 220
176 221
176 222
177 3
177 4
177 68
177 69
177 152
177 153
177 154
177 217
177 218
177 219
177 220
177 221
178 3
178 4
178 55
178 56
178 57
178 58
178 59
178 67
178 68
178 69
178 152
178 153
178 161
178 162
178 163
178 164
178 165
178 166
178 216
178 217
178 218
178 219
178 220
179 3
179 4
179 54
179 55
179 56
179 57
179 58
179 59
179 60
179 61
179 62
179 63
179 67
179 68
179 69
179 152
179 153
179 156
179 157
179 158
179 159
179 160
179 161
179 162
179 163
179 164
179 165
179 215
179 216
179 217
179 218
179 219
180 3
180 4
180 54
180 55
180 56
180 58
180 59
180 60
180 61
180 62
180 63
180 64
180 65
180 66
180 67
180 68
180 152
180 153
180 154
180 155
180 156
180 157
180 158
180 159
180 160
180 161
180 162
180 163
180 164
180 165
180 214
180 215
180 216
180 217
180 218
181 3
181 4
181 36
181 54
181 55
181 62
181 63
181 64
181 65
181 66
181 67
181 68
181 152
181 153
181 154
181 155
181 156
181 157
181 162
181 163
181 164
181 181
181 182
181 213
181 214
181 215
181 216
181 217
182 3
182 4
182 53
182 54
182 55
182 161
182 162
182 163
182 164
182 181
182 182
182 212
182 213
182 214
182 215
182 216
183 3
183 4
183 53
183 54
183 55
183 161
183 162
183 163
183 211
183 212
183 213
183 214
183 215
184 3
184 4
184 30
184 52
184 53
184 54
184 160
184 161
184 162
184 184
184 185
184 210
184 211
184 212
184 213
184 214
185 2
185 3
185 4
185 52
185 53
185 54
185 160
185 161
185 162
185 184
185 209
185 210
185 211
185 212
185 213
186 2
186 3
186 4
186 26
186 51
186 52
186 53
186 159
186 160
186 161
186 186
186 187
186 208
186 209
186 210
186 211
186 212
187 2
187 3
187 51
187 52
187 53
187 159
187 160
187 161
187 186
187 187
187 207
187 208
187 209
187 210
187 211
188 2
188 3
188 4
188 23
188 50
188 51
188 52
188 159
188 160
188 188
188 206
188 207
188 208
188 209
188 210
189 2
189 3
189 20
189 21
189 50
189 51
189 52
189 159
189 160
189 163
189 164
189 189
189 190
189 205
189 206
189 207
189 208
189 209
190 2
190 3
190 18
190 19
190 45
190 46
190 47
190 48
190 49
190 50
190 51
190 159
190 160
190 161
190 162
190 163
190 164
190 189
190 190
190 191
190 204
190 205
190 206
190 207
190 208
191 2
191 3
191 15
191 16
191 17
191 45
191 46
191 47
191 48
191 49
191 50
191 51
191 159
191 160
191 161
191 162
191 163
191 190
191 191
191 192
191 203
191 204
191 205
191 206
191 207
192 2
192 3
192 14
192 15
192 16
192 44
192 45
192 46
192 160
192 161
192 162
192 163
192 191
192 192
192 193
192 194
192 202
192 203
192 204
192 205
192 206
193 1
193 2
193 3
193 11
193 12
193 13
193 44
193 45
193 46
193 159
193 160
193 161
193 162
193 192
193 193
193 194
193 195
193 201
193 202
193 203
193 204
193 205
194 1
194 2
194 3
194 9
194 10
194 11
194 12
194 44
194 45
194 158
194 159
194 160
194 161
194 192
194 193
194 194
194 195
194 196
194 200
194 201
194 202
194 203
194 204
195 1
195 2
195 7
195 8
195 9
195 10
195 44
195 45
195 157
195 158
195 159
195 160
195 193
195 194
195 195
195 196
195 197
195 198
195 199
195 200
195 201
195 202
195 203
196 1
196 2
196 4
196 5
196 6
196 7
196 8
196 44
196 45
196 157
196 158
196 159
196 194
196 195
196 196
196 197
196 198
196 199
196 200
196 201
196 202
197 1
197 2
197 3
197 4
197 5
197 6
197 44
197 45
197 156
197 157
197 158
197 194
197 195
197 196
197 199
197 200
197 201
198 1
198 2
198 3
198 4
198 5
198 44
198 45
198 156
198 157
198 158
198 195
198 196
198 198
198 199
198 200
199 1
199 2
199 3
199 4
199 42
199 43
199 44
199 45
199 156
199 157
199 195
199 196
199 197
199 198
199 199
200 1
200 2
200 41
200 42
200 43
200 44
200 45
200 156
200 157
200 158
200 194
200 195
200 196
200 197
200 198
201 1
201 2
201 39
201 40
201 41
201 42
201 43
201 156
201 157
201 158
201 159
201 193
201 194
201 195
201 196
201 197
202 1
202 2
202 37
202 38
202 39
202 40
202 41
202 42
202 157
202 158
202 159
202 160
202 161
202 192
202 193
202 194
202 195
202 196
203 1
203 2
203 3
203 34
203 35
203 36
203 37
203 38
203 39
203 40
203 158
203 159
203 160
203 161
203 191
203 192
203 193
203 194
203 195
204 1
204 2
204 33
204 34
204 35
204 36
204 37
204 38
204 160
204 161
204 162
204 190
204 191
204 192
204 193
204 194
205 1
205 2
205 3
205 31
205 32
205 33
205 34
205 35
205 160
205 161
205 162
205 163
205 189
205 190
205 191
205 192
205 193
206 1
206 2
206 29
206 30
206 31
206 32
206 33
206 34
206 161
206 162
206 163
206 164
206 188
206 189
206 190
206 191
206 192
207 1
207 2
207 3
207 4
207 27
207 28
207 29
207 30
207 31
207 32
207 162
207 163
207 164
207 165
207 187
207 188
207 189
207 190
207 191
208 1
208 2
208 3
208 25
208 26
208 27
208 28
208 29
208 30
208 163
208 164
208 165
208 166
208 186
208 187
208 188
208 189
208 190
209 2
209 3
209 4
209 23
209 24
209 25
209 26
209 27
209 28
209 164
209 165
209 166
209 167
209 185
209 186
209 187
209 188
209 189
210 2
210 3
210 21
210 22
210 23
210 24
210 25
210 26
210 165
210 166
210 167
210 168
210 184
210 185
210 186
210 187
210 188
211 2
211 3
211 4
211 19
211 20
211 21
211 22
211 23
211 24
211 166
211 167
211 168
211 169
211 183
211 184
211 185
211 186
211 187
212 2
212 3
212 17
212 18
212 19
212 20
212 21
212 22
212 167
212 168
212 169
212 170
212 182
212 183
212 184
212 185
212 186
213 2
213 3
213 4
213 15
213 16
213 17
213 18
213 19
213 20
213 168
213 169
213 170
213 171
213 181
213 182
213 183
213 184
213 185
214 2
214 3
214 4
214 14
214 15
214 16
214 17
214 18
214 169
214 170
214 171
214 172
214 180
214 181
214 182
214 183
214 184
215 3
215 4
215 12
215 13
215 14
215 15
215 16
215 170
215 171
215 172
215 173
215 174
215 179
215 180
215 181
215 182
215 183
216 3
216 4
216 10
216 11
216 12
216 13
216 14
216 15
216 171
216 172
216 173
216 174
216 178
216 179
216 180
216 181
216 182
217 3
217 4
217 7
217 8
217 9
217 10
217 11
217 12
217 13
217 173
217 174
217 175
217 177
217 178
217 179
217 180
217 181
218 3
218 4
218 5
218 6
218 7
218 8
218 9
218 10
218 11
218 173
218 174
218 175
218 176
218 177
218 178
218 179
218 180
219 3
219 4
219 5
219 6
219 7
219 8
219 174
219 175
219 176
219 177
219 178
219 179
220 176
220 177
220 178
221 175
221 176
221 177
222 174
222 175
222 176
223 173
223 174
223 175
224 172
224 173
224 174
225 171
225 172
225 173
226 170
226 171
226 172
227 169
227 170
227 171
228 168
228 169
228 170
229 167
229 168
229 169
230 166
230 167
230 168
231 165
231 166
231 167
232 164
232 165
232 166
233 163
233 164
233 165
234 162
234 163
234 164
235 161
235 162
235 163
236 160
236 161
236 162
237 159
237 160
237 161
238 158
238 159
238 160
239 157
239 158
239 159
240 156
240 157
240 158
241 155
241 156
241 157
242 154
242 155
242 156
243 153
243 154
243 155
244 152
244 153
244 154
245 151
245 152
245 153
246 150
246 151
246 152
247 149
247 150
247 151
248 148
248 149
248 150
249 147
249 148
249 149
250 146
250 147
250 148
251 145
251 146
251 147
252 144
252 145
252 146
253 143
253 144
253 145
254 142
254 143
254 144
255 141
255 142
255 143
256 140
256 141
256 142
257 139
257 140
257 141
258 138
258 139
258 140
259 137
259 138
259 139
260 136
260 137
260 138
261 135
261 136
261 137
262 134
262 135
262 136
263 133
263 134
263 135
264 132
264 133
264 134
265 131
265 132
265 133
266 130
266 131
266 132
267 129
267 130
267 131
268 128
268 129
268 130
269 127
269 128
269 129
270 126
270 127
270 128
271 125
271 126
271 127
272 124
272 125
272 126
273 123
273 124
273 125
274 122
274 123
274 124
275 121
275 122
275 123
276 120
276 121
276 122
277 119
277 120
277 121
278 118
278 119
278 120
279 117
279 118
279 119
280 116
280 117
280 118
281 115
281 116
281 117
282 114
282 115
282 116
283 113
283 114
283 115
284 112
284 113
284 114
285 111
285 112
285 113
286 110
286 111
286 112
287 109
287 110
287 111
288 108
288 109
288 110
289 107
289 108
289 109
290 106
290 107
290 108
291 105
291 106
291 107
292 104
292 105
292 106
293 103
293 104
293 105
294 102
294 103
294 104
295 101
295 102
295 103
296 100
296 101
296 102
297 99
297 100
297 101
298 98
298 99
298 100
299 97
299 98
299 99
300 96
300 97
300 98
301 95
301 96
301 97
302 94
302 95
302 96
303 93
303 94
303 95
304 92
304 93
304 94
305 91
305 92
305 93
306 90
306 91
306 92
307 89
307 90
307 91
308 88
308 89
308 90
309 87
309 88
309 89
310 86
310 87
310 88
311 85
311 86
311 87
312 84
312 85
312 86
313 83
313 84
313 85
314 82
314 83
314 84
315 81
315 82
315 83
316 80
316 81
316 82
317 79
317 80
317 81
318 78
318 79
318 80
319 77
319 78
319 79
320 76
320 77
320 78
321 75
321 76
321 77
322 74
322 75
322 76
323 73
323 74
323 75
324 72
324 73
324 74
325 71
325 72
325 73
326 70
326 71
326 72
327 69
327 70
327 71
328 68
328 69
328 70
329 67
329 68
329 69
330 66
330 67
330 68
331 65
331 66
331 67
332 64
332 65
332 66
333 63
333 64
333 65
334 62
334 63
334 64
335 61
335 62
335 63
336 60
336 61
336 62
337 59
337 60
337 61
338 58
338 59
338 60
339 57
339 58
339 59
340 56
340 57
340 58
341 55
341 56
341 57
342 54
342 55
342 56
343 53
343 54
343 55
344 52
344 53
344 54
345 51
345 52
345 53
346 50
346 51
346 52
347 49
347 50
347 51
348 48
348 49
348 50
349 47
349 48
349 49
350 46
350 47
350 48
351 45
351 46
351 47
352 44
352 45
352 46
353 43
353 44
353 45
354 42
354 43
354 44
355 41
355 42
355 43
356 40
356 41
356 42
357 39
357 40
357 41
358 38
358 39
358 40
359 37
359 38
359 39
360 36
360 37
360 38
361 35
361 36
361 37
362 34
362 35
362 36
363 33
363 34
363 35
364 32
364 33
364 34
365 31
365 32
365 33
366 30
366 31
366 32
367 29
367 30
367 31
368 28
368 29
368 30
369 27
369 28
369 29
370 26
370 27
370 28
371 25
371 26
371 27
372 24
372 25
372 26
373 23
373 24
373 25
374 22
374 23
374 24
375 21
375 22
375 23
376 20
376 21
376 22
377 19
377 20
377 21
378 18
378 19
378 20
379 17
379 18
379 19
380 16
380 17
380 18
381 15
381 16
381 17
382 14
382 15
382 16
383 13
383 14
383 15
384 12
384 13
384 14
385 11
385 12
385 13
386 10
386 11
386 12
387 9
387 10
387 11
388 8
388 9
388 10
389 7
389 8
389 9
390 6
390 7
390 8
391 5
391 6
391 7
392 4
392 5
392 6
393 3
393 4
393 5
394 2
394 3
394 4
395 1
395 2
395 3
396 0
396 1
396 2
397 0
397 1
398 0
