1,3,4 1.685650984897 1392 5184 10732 20736
3,1,2 1.850791727572 792 3456 11094 20736
1,0,6 1.543398702989 1236 3456 11100 20736
2,0,1 1.414586253010 4017 10368 10751 20736
1,3,6 1.815132293596 876 3456 11202 20736
6,1,2 1.573895199346 576 1728 10947 20736
3,0,2 1.582454429589 1236 3456 11313 20736
1,2,8 1.719920840299 846 2592 11609 20736
1,1,4 1.829645385085 1332 5184 11309 20736
1,0,8 1.727365184391 846 2592 11644 20736
1,2,6 1.848545239463 912 3456 11473 20736
1,5,6 1.937607526831 720 3456 11258 20736
1,1,6 2.105689372142 516 3456 11353 20736
1,6,8 1.693028523555 846 2592 11480 20736
4,1,3 1.750967494783 564 1728 11753 20736
2,1,2 1.476375301067 1896 5184 10822 20736
1,4,6 1.657065968145 1236 3456 11692 20736
4,0,1 1.498751496244 1896 5184 10955 20736
1,0,2 1.521151514477 3804 10368 11100 20736
4,0,3 1.556703464206 576 1728 10850 20736
1,0,3 1.276224621220 3321 6912 11289 20736
1,4,8 1.727365184391 846 2592 11644 20736
2,3,6 1.547294562621 576 1728 10796 20736
2,1,6 1.679238278859 576 1728 11498 20736
1,0,18 1.566081588618 412 1152 11225 20736
4,2,3 1.679238278859 576 1728 11498 20736
12,0,1 1.586903636930 576 1728 11019 20736
1,3,12 1.837797365824 432 1728 11268 20736
1,4,16 1.727365184391 423 1296 11644 20736
2,5,6 1.750967494783 564 1728 11753 20736
1,6,16 1.719920840299 423 1296 11609 20736
3,1,3 1.307736613192 1085 2304 11341 20736
1,19,24 2.168699583472 108 864 11364 20736
1,12,16 1.727365184391 423 1296 11644 20736
4,7,9 1.759348174601 188 576 11791 20736
1,2,18 1.848545239463 304 1152 11473 20736
1,2,16 1.719920840299 423 1296 11609 20736
1,1,12 2.241299400245 216 1728 11635 20736
2,0,6 2.309310387531 0 1728 10751 20736
1,10,18 1.662650674597 412 1152 11719 20736
1,16,24 1.759126602709 282 864 11790 20736
1,14,16 1.719920840299 423 1296 11609 20736
1,10,16 1.719920840299 423 1296 11609 20736
1,13,18 2.105689372142 172 1152 11353 20736
9,0,2 1.591530191758 412 1152 11361 20736
1,1,2 1.648025493627 2772 10368 10512 20736
1,8,16 1.727365184391 423 1296 11644 20736
9,1,2 1.850791727572 264 1152 11094 20736
1,5,12 1.978950982387 360 1728 11435 20736
2,4,8 2.461449634296 0 1296 11306 20736
2,0,3 1.469338744900 1224 3456 10616 20736
1,4,18 1.662650674597 412 1152 11719 20736
1,0,16 1.727365184391 423 1296 11644 20736
2,9,18 1.547294562621 192 576 10796 20736
1,8,18 1.848545239463 304 1152 11473 20736
1,18,24 1.728006270703 282 864 11647 20736
1,12,18 1.566081588618 412 1152 11225 20736
1,6,12 1.693028523555 564 1728 11480 20736
1,10,12 1.753385258710 564 1728 11764 20736
1,11,12 1.944492877774 360 1728 11288 20736
4,1,9 1.759348174601 188 576 11791 20736
1,14,18 1.848545239463 304 1152 11473 20736
1,9,18 1.815132293596 292 1152 11202 20736
2,1,3 1.621836861038 1224 3456 11473 20736
6,5,6 1.573895199346 192 576 10947 20736
3,1,4 1.859552157855 432 1728 11367 20736
2,19,24 1.679238278859 144 432 11498 20736
2,2,4 2.522227617419 0 2592 11509 20736
1,3,18 1.815132293596 292 1152 11202 20736
1,2,3 1.437849082661 2964 6912 11493 20736
3,0,1 1.288537501128 3255 6912 11216 20736
3,2,6 1.591530191758 412 1152 11361 20736
1,11,18 1.945875824295 240 1152 11294 20736
1,15,18 1.815132293596 292 1152 11202 20736
3,5,24 1.859774531038 72 288 11368 20736
1,6,18 1.566081588618 412 1152 11225 20736
12,2,3 1.586903636930 192 576 11019 20736
3,4,16 1.754266101872 141 432 11768 20736
1,0,4 1.658256665081 1692 5184 11307 20736
1,16,18 1.662650674597 412 1152 11719 20736
4,2,9 1.679238278859 192 576 11498 20736
3,3,4 1.994822405394 360 1728 11501 20736
6,0,2 2.373272121469 0 1728 10993 20736
3,5,6 1.850791727572 264 1152 11094 20736
3,0,4 1.678583068231 564 1728 11409 20736
3,1,6 1.853366949959 264 1152 11106 20736
2,7,18 1.679238278859 192 576 11498 20736
2,17,18 1.759348174601 188 576 11791 20736
1,1,18 2.105689372142 172 1152 11353 20736
12,1,3 1.586903636930 192 576 11019 20736
1,5,18 1.937607526831 240 1152 11258 20736
4,0,9 1.556703464206 192 576 10850 20736
3,4,6 1.591530191758 412 1152 11361 20736
1,11,24 1.944492877774 180 864 11288 20736
1,0,12 1.659758174094 570 1728 11358 20736
1,9,12 1.967094308368 360 1728 11385 20736
12,0,6 2.614450284594 0 288 11799 20736
36,0,1 1.586903636930 192 576 11019 20736
1,1,3 1.462305025997 2988 6912 11680 20736
1,2,12 1.932332575907 432 1728 11682 20736
2,15,18 1.547294562621 192 576 10796 20736
1,8,48 1.941257003854 108 432 11719 20736
1,2,4 1.693028523555 1692 5184 11480 20736
2,0,18 2.309310387531 0 576 10751 20736
2,1,18 1.679238278859 192 576 11498 20736
3,0,8 1.754266101872 282 864 11768 20736
2,14,24 2.607874129828 0 432 11779 20736
1,4,12 1.753385258710 564 1728 11764 20736
1,123,144 1.842554396492 37 144 11368 20736
6,0,1 1.514366123793 1224 3456 10887 20736
2,2,3 1.655576028181 1254 3456 11750 20736
2,5,18 1.759348174601 188 576 11791 20736
3,2,4 1.719709087471 564 1728 11608 20736
1,7,18 2.105689372142 172 1152 11353 20736
3,0,6 1.960837713445 288 1152 11799 20736
2,10,12 2.527145855900 0 864 11525 20736
1,24,48 1.736383905929 141 432 11686 20736
1,7,12 2.168699583472 216 1728 11364 20736
4,5,12 1.679238278859 144 432 11498 20736
1,19,48 2.169477517498 54 432 11367 20736
1,6,48 1.728006270703 141 432 11647 20736
18,1,2 1.573895199346 192 576 10947 20736
1,12,24 1.736383905929 282 864 11686 20736
12,0,2 2.430008353154 0 864 11197 20736
1,14,24 1.932332575907 216 864 11682 20736
3,2,8 1.719709087471 282 864 11608 20736
2,7,9 1.621836861038 408 1152 11473 20736
1,2,24 1.940288228619 216 864 11715 20736
1,0,36 1.683438379503 188 576 11433 20736
1,22,36 1.759348174601 188 576 11791 20736
4,0,8 2.602963683033 0 648 11764 20736
3,5,8 1.859774531038 216 864 11368 20736
2,11,18 1.759348174601 188 576 11791 20736
1,17,18 1.937607526831 240 1152 11258 20736
4,1,2 1.498751496244 948 2592 10955 20736
1,23,36 1.944492877774 120 576 11288 20736
9,0,1 1.305247258160 1085 2304 11325 20736
1,8,12 1.901849313661 432 1728 11553 20736
4,0,16 2.602963683033 0 324 11764 20736
4,8,9 1.679238278859 192 576 11498 20736
12,12,18 2.614450284594 0 96 11799 20736
2,12,16 2.461449634296 0 648 11306 20736
4,3,9 1.556703464206 192 576 10850 20736
4,6,9 1.556703464206 192 576 10850 20736
1,29,72 1.981100379614 60 288 11444 20736
4,4,9 1.759348174601 188 576 11791 20736
2,9,24 1.547294562621 144 432 10796 20736
1,1,8 1.829645385085 666 2592 11309 20736
1,2,9 1.444458475072 972 2304 11431 20736
6,1,6 1.573895199346 192 576 10947 20736
1,20,24 1.941257003854 216 864 11719 20736
12,0,8 2.612473958412 0 216 11793 20736
18,0,2 2.373272121469 0 576 10993 20736
1,20,72 1.942469334165 72 288 11724 20736
1,35,48 1.944492877774 90 432 11288 20736
1,25,72 2.241299400245 36 288 11635 20736
4,1,6 1.759126602709 282 864 11790 20736
2,6,12 2.522227617419 0 864 11509 20736
3,3,6 2.451047141807 72 1152 11799 20736
9,0,6 1.960837713445 96 384 11799 20736
3,6,8 1.754266101872 282 864 11768 20736
2,3,18 1.547294562621 192 576 10796 20736
1,34,48 1.759126602709 141 432 11790 20736
4,5,9 1.679238278859 192 576 11498 20736
8,1,3 1.679238278859 288 864 11498 20736
4,4,12 2.612473958412 0 432 11793 20736
2,17,72 1.759348174601 47 144 11791 20736
1,3,8 1.685650984897 696 2592 10732 20736
2,13,18 1.679238278859 192 576 11498 20736
8,2,3 1.759126602709 282 864 11790 20736
4,16,24 2.612473958412 0 216 11793 20736
1,7,36 2.168699583472 72 576 11364 20736
1,31,36 2.168699583472 72 576 11364 20736
1,7,9 1.488051797188 990 2304 11783 20736
3,2,3 1.305247258160 1085 2304 11325 20736
1,9,24 1.967094308368 180 864 11385 20736
3,1,12 1.859774531038 144 576 11368 20736
2,3,12 1.547294562621 288 864 10796 20736
2,18,36 2.522227617419 0 288 11509 20736
1,6,36 1.724805588923 188 576 11632 20736
6,18,24 2.614450284594 0 144 11799 20736
4,8,16 2.602963683033 0 324 11764 20736
36,0,2 2.430008353154 0 288 11197 20736
1,62,72 1.932332575907 72 288 11682 20736
1,6,24 1.700241403118 282 864 11515 20736
16,0,1 1.498751496244 474 1296 10955 20736
1,23,24 1.944492877774 180 864 11288 20736
2,11,12 1.759126602709 282 864 11790 20736
2,1,24 1.679238278859 144 432 11498 20736
16,1,3 1.759126602709 141 432 11790 20736
6,3,4 1.573895199346 288 864 10947 20736
1,1,24 2.241299400245 108 864 11635 20736
1,4,9 1.488051797188 990 2304 11783 20736
1,16,36 1.759348174601 188 576 11791 20736
2,8,9 1.671812539524 373 1152 11343 20736
2,9,12 1.547294562621 288 864 10796 20736
1,22,24 1.759126602709 282 864 11790 20736
6,3,8 1.573895199346 144 432 10947 20736
16,0,3 1.556703464206 144 432 10850 20736
1,21,24 1.971346308481 180 864 11403 20736
6,3,6 1.960837713445 144 576 11799 20736
3,11,12 1.994822405394 120 576 11501 20736
4,0,12 2.596770266980 0 432 11745 20736
4,9,18 1.556703464206 96 288 10850 20736
1,14,36 1.932332575907 144 576 11682 20736
2,8,16 2.435145004805 0 648 11215 20736
1,7,8 1.685838335573 696 2592 10733 20736
1,39,48 1.838014566076 108 432 11269 20736
3,7,16 1.998465116460 90 432 11516 20736
2,6,18 2.309310387531 0 576 10751 20736
1,14,48 1.940288228619 108 432 11715 20736
6,0,8 2.480589293080 0 432 11371 20736
3,4,8 1.754266101872 282 864 11768 20736
6,5,8 1.573895199346 144 432 10947 20736
1,3,48 1.838014566076 108 432 11269 20736
1,10,36 1.759348174601 188 576 11791 20736
3,12,18 1.960837713445 96 384 11799 20736
12,0,4 2.596770266980 0 432 11745 20736
12,3,9 1.960837713445 48 192 11799 20736
2,2,6 2.475259343579 0 1728 11353 20736
6,2,4 2.549517391702 0 864 11597 20736
6,0,6 2.614450284594 0 576 11799 20736
2,1,8 1.476375301067 474 1296 10822 20736
2,24,48 2.435145004805 0 216 11215 20736
1,5,24 1.981100379614 180 864 11444 20736
2,8,48 2.475259343579 0 216 11353 20736
1,0,9 1.302333736807 1076 2304 11244 20736
3,6,16 1.754266101872 141 432 11768 20736
12,0,18 2.614450284594 0 96 11799 20736
1,21,36 1.967094308368 120 576 11385 20736
1,30,48 1.728006270703 141 432 11647 20736
2,27,72 1.547294562621 48 144 10796 20736
1,2,36 1.932332575907 144 576 11682 20736
6,6,12 2.614450284594 0 288 11799 20736
2,4,16 2.461449634296 0 648 11306 20736
9,3,16 1.859774531038 36 144 11368 20736
2,4,6 2.518857418288 0 1728 11498 20736
6,2,3 1.514366123793 408 1152 10887 20736
2,7,8 1.476375301067 474 1296 10822 20736
1,19,36 2.168699583472 72 576 11364 20736
1,12,36 1.683438379503 188 576 11433 20736
1,30,36 1.724805588923 188 576 11632 20736
2,0,8 2.435145004805 0 1296 11215 20736
2,37,72 1.679238278859 48 144 11498 20736
3,2,12 1.725231661262 188 576 11634 20736
1,11,36 1.951891394176 120 576 11320 20736
3,3,18 2.451047141807 24 384 11799 20736
8,8,24 2.614450284594 0 108 11799 20736
1,29,48 1.981100379614 90 432 11444 20736
1,9,48 1.967094308368 90 432 11385 20736
3,8,16 1.754266101872 141 432 11768 20736
6,6,18 2.614450284594 0 192 11799 20736
8,0,3 1.556703464206 288 864 10850 20736
2,2,36 2.607874129828 0 288 11779 20736
1,18,36 1.724805588923 188 576 11632 20736
9,2,8 1.754266101872 94 288 11768 20736
4,4,6 2.475259343579 0 864 11353 20736
1,31,48 2.169477517498 54 432 11367 20736
4,0,6 2.385833011939 0 864 11039 20736
3,5,12 1.859552157855 144 576 11367 20736
2,17,24 1.759126602709 141 432 11790 20736
6,1,4 1.573895199346 288 864 10947 20736
1,5,9 1.438377858473 984 2304 11471 20736
36,0,18 2.614450284594 0 32 11799 20736
1,5,8 1.835530378695 666 2592 11336 20736
1,33,36 1.967094308368 120 576 11385 20736
2,31,36 1.679238278859 96 288 11498 20736
9,4,8 1.754266101872 94 288 11768 20736
3,3,12 2.451047141807 36 576 11799 20736
3,7,8 1.998465116460 180 864 11516 20736
4,8,24 2.614450284594 0 216 11799 20736
4,5,6 1.679238278859 288 864 11498 20736
24,1,2 1.586903636930 144 432 11019 20736
1,42,48 1.728006270703 141 432 11647 20736
6,0,24 2.614450284594 0 144 11799 20736
2,3,4 1.476375301067 948 2592 10822 20736
2,11,72 1.759569802315 47 144 11792 20736
36,0,6 2.614450284594 0 96 11799 20736
1,56,144 1.942469334165 36 144 11724 20736
1,8,9 1.438377858473 984 2304 11471 20736
3,9,24 2.451047141807 18 288 11799 20736
12,4,6 2.430008353154 0 288 11197 20736
4,16,18 2.475259343579 0 288 11353 20736
1,10,24 1.759126602709 282 864 11790 20736
4,7,12 1.759126602709 141 432 11790 20736
3,1,16 1.859552157855 108 432 11367 20736
12,6,18 2.614450284594 0 96 11799 20736
4,4,18 2.475259343579 0 288 11353 20736
4,16,72 2.612473958412 0 72 11793 20736
1,9,16 1.829645385085 333 1296 11309 20736
3,7,12 1.994822405394 120 576 11501 20736
1,6,9 1.302333736807 1076 2304 11244 20736
1,36,144 1.739844430405 47 144 11702 20736
2,1,12 1.679238278859 288 864 11498 20736
6,4,8 2.480589293080 0 432 11371 20736
1,3,9 1.302333736807 1076 2304 11244 20736
1,7,16 1.685838335573 348 1296 10733 20736
9,0,18 1.960837713445 32 128 11799 20736
12,12,24 2.614450284594 0 72 11799 20736
6,12,18 2.614450284594 0 192 11799 20736
1,35,36 1.944492877774 120 576 11288 20736
2,8,24 2.475259343579 0 432 11353 20736
1,15,36 1.842554396492 148 576 11368 20736
1,56,72 1.942469334165 72 288 11724 20736
1,32,36 1.901849313661 144 576 11553 20736
1,17,24 1.978950982387 180 864 11435 20736
4,28,72 2.614450284594 0 72 11799 20736
1,27,144 1.842554396492 37 144 11368 20736
1,3,24 1.838014566076 216 864 11269 20736
1,36,48 1.736383905929 141 432 11686 20736
4,52,72 2.614450284594 0 72 11799 20736
2,1,4 1.476375301067 948 2592 10822 20736
4,40,48 2.612473958412 0 108 11793 20736
1,3,36 1.842554396492 148 576 11368 20736
1,8,24 1.941257003854 216 864 11719 20736
8,5,6 1.759126602709 141 432 11790 20736
8,0,1 1.498751496244 948 2592 10955 20736
2,9,36 1.547294562621 96 288 10796 20736
4,2,6 2.519469511697 0 864 11500 20736
8,4,24 2.608530256234 0 108 11781 20736
9,0,4 1.690774240967 188 576 11469 20736
3,14,16 1.754266101872 141 432 11768 20736
2,8,18 2.475259343579 0 576 11353 20736
1,21,48 1.971346308481 90 432 11403 20736
3,2,16 1.754266101872 141 432 11768 20736
1,28,36 1.759348174601 188 576 11791 20736
4,3,4 1.498751496244 474 1296 10955 20736
1,55,72 2.169477517498 36 288 11367 20736
2,7,12 1.679238278859 288 864 11498 20736
2,1,9 1.621836861038 408 1152 11473 20736
1,60,72 1.739844430405 94 288 11702 20736
2,0,2 2.309310387531 0 5184 10751 20736
1,11,16 1.685650984897 348 1296 10732 20736
8,3,6 1.556703464206 144 432 10850 20736
3,11,24 1.994822405394 60 288 11501 20736
3,5,16 1.859774531038 108 432 11368 20736
1,0,48 1.736383905929 141 432 11686 20736
24,0,1 1.586903636930 288 864 11019 20736
1,12,48 1.736383905929 141 432 11686 20736
2,2,12 2.607874129828 0 864 11779 20736
2,50,72 2.608530256234 0 144 11781 20736
1,13,24 2.241853265366 108 864 11637 20736
1,18,72 1.739844430405 94 288 11702 20736
1,5,48 1.981100379614 90 432 11444 20736
9,15,24 2.451047141807 6 96 11799 20736
2,3,24 1.547294562621 144 432 10796 20736
4,0,4 2.596770266980 0 1296 11745 20736
3,11,16 1.994822405394 90 432 11501 20736
36,0,3 1.960837713445 48 192 11799 20736
12,0,16 2.612473958412 0 108 11793 20736
3,12,16 1.754266101872 141 432 11768 20736
1,27,36 1.842554396492 148 576 11368 20736
9,3,6 2.451047141807 24 384 11799 20736
1,37,48 2.241853265366 54 432 11637 20736
1,10,48 1.759126602709 141 432 11790 20736
1,26,48 1.940288228619 108 432 11715 20736
6,1,12 1.573895199346 96 288 10947 20736
1,13,48 2.241853265366 54 432 11637 20736
3,25,48 1.859774531038 36 144 11368 20736
1,3,16 1.685650984897 348 1296 10732 20736
3,13,24 1.859774531038 72 288 11368 20736
2,0,24 2.435145004805 0 432 11215 20736
1,27,48 1.838014566076 108 432 11269 20736
3,1,8 1.859552157855 216 864 11367 20736
1,0,24 1.736383905929 282 864 11686 20736
12,8,16 2.612473958412 0 108 11793 20736
2,5,12 1.759126602709 282 864 11790 20736
12,0,12 2.614450284594 0 144 11799 20736
1,29,36 1.978950982387 120 576 11435 20736
2,40,72 2.593522397647 0 144 11735 20736
1,14,72 1.932332575907 72 288 11682 20736
12,18,24 2.614450284594 0 72 11799 20736
2,5,36 1.759348174601 94 288 11791 20736
3,0,72 1.960837713445 24 96 11799 20736
1,21,72 1.971346308481 60 288 11403 20736
1,18,48 1.728647833052 141 432 11650 20736
2,58,72 2.527145855900 0 144 11525 20736
1,45,48 1.971346308481 90 432 11403 20736
1,107,144 1.944492877774 30 144 11288 20736
3,14,24 1.754266101872 94 288 11768 20736
1,5,16 1.835530378695 333 1296 11336 20736
1,9,144 1.967094308368 30 144 11385 20736
1,33,72 1.967094308368 60 288 11385 20736
6,0,18 2.614450284594 0 192 11799 20736
1,6,72 1.724805588923 94 288 11632 20736
18,3,4 1.573895199346 96 288 10947 20736
2,39,72 1.547294562621 48 144 10796 20736
3,16,48 1.754266101872 47 144 11768 20736
4,0,18 2.385833011939 0 288 11039 20736
3,10,16 1.754266101872 141 432 11768 20736
1,54,144 1.739844430405 47 144 11702 20736
3,3,8 1.994822405394 180 864 11501 20736
6,8,16 2.480589293080 0 216 11371 20736
2,0,9 1.469510537735 472 1152 11401 20736
2,4,9 1.625972037943 408 1152 11494 20736
1,49,144 2.241299400245 18 144 11635 20736
1,28,48 1.759126602709 141 432 11790 20736
9,2,4 1.725231661262 188 576 11634 20736
3,60,72 1.960837713445 24 96 11799 20736
2,38,48 2.607874129828 0 216 11779 20736
1,41,48 1.978950982387 90 432 11435 20736
2,49,72 1.679238278859 48 144 11498 20736
12,3,4 1.586903636930 144 432 11019 20736
3,3,16 1.994822405394 90 432 11501 20736
2,23,24 1.759126602709 141 432 11790 20736
12,1,12 1.586903636930 48 144 11019 20736
8,1,2 1.498751496244 474 1296 10955 20736
2,26,36 2.607874129828 0 288 11779 20736
1,138,144 1.739844430405 47 144 11702 20736
1,44,48 1.941257003854 108 432 11719 20736
1,17,36 1.978950982387 120 576 11435 20736
12,0,3 1.960837713445 144 576 11799 20736
1,4,24 1.759126602709 282 864 11790 20736
2,3,8 1.476375301067 474 1296 10822 20736
16,2,3 1.679238278859 144 432 11498 20736
1,1,36 2.241299400245 72 576 11635 20736
3,10,12 1.725657944154 188 576 11636 20736
18,0,18 2.614450284594 0 64 11799 20736
1,36,72 1.739844430405 94 288 11702 20736
1,143,144 1.944492877774 30 144 11288 20736
3,16,24 1.754266101872 94 288 11768 20736
9,1,4 1.994822405394 120 576 11501 20736
1,13,36 2.241299400245 72 576 11635 20736
12,1,2 1.586903636930 288 864 11019 20736
3,15,18 2.451047141807 24 384 11799 20736
2,8,72 2.475259343579 0 144 11353 20736
1,13,16 1.835530378695 333 1296 11336 20736
12,8,12 2.596770266980 0 144 11745 20736
8,8,9 1.759348174601 94 288 11791 20736
18,3,6 1.960837713445 48 192 11799 20736
2,12,48 2.461449634296 0 216 11306 20736
8,0,16 2.604271326490 0 162 11768 20736
3,8,12 1.690774240967 188 576 11469 20736
4,3,6 1.556703464206 288 864 10850 20736
9,11,16 1.859774531038 36 144 11368 20736
6,4,6 2.373272121469 0 576 10993 20736
4,16,36 2.612473958412 0 144 11793 20736
1,24,36 1.683438379503 188 576 11433 20736
8,6,9 1.556703464206 96 288 10850 20736
4,9,12 1.556703464206 144 432 10850 20736
2,2,18 2.475259343579 0 576 11353 20736
2,5,8 1.476375301067 474 1296 10822 20736
1,25,48 2.241299400245 54 432 11635 20736
2,36,48 2.461449634296 0 216 11306 20736
3,9,18 2.451047141807 24 384 11799 20736
1,47,144 1.951891394176 30 144 11320 20736
4,11,36 1.679238278859 48 144 11498 20736
12,2,6 2.430008353154 0 288 11197 20736
1,68,144 1.941257003854 36 144 11719 20736
2,3,36 1.547294562621 96 288 10796 20736
1,17,48 1.978950982387 90 432 11435 20736
2,13,24 1.679238278859 144 432 11498 20736
1,46,48 1.759126602709 141 432 11790 20736
4,1,12 1.759126602709 141 432 11790 20736
3,4,12 1.690978927652 188 576 11470 20736
1,64,72 1.759569802315 94 288 11792 20736
1,22,72 1.759348174601 94 288 11791 20736
1,9,36 1.967094308368 120 576 11385 20736
1,20,36 1.902314580595 144 576 11555 20736
12,1,6 1.586903636930 96 288 11019 20736
4,3,36 1.556703464206 48 144 10850 20736
1,84,144 1.739844430405 47 144 11702 20736
9,3,4 1.859552157855 144 576 11367 20736
12,1,4 1.586903636930 144 432 11019 20736
2,4,18 2.518857418288 0 576 11498 20736
3,37,48 1.859774531038 36 144 11368 20736
2,0,16 2.435145004805 0 648 11215 20736
2,6,9 1.469510537735 472 1152 11401 20736
4,8,72 2.614450284594 0 72 11799 20736
2,16,24 2.592873798470 0 432 11733 20736
1,23,48 1.944492877774 90 432 11288 20736
6,5,12 1.573895199346 96 288 10947 20736
1,4,36 1.759348174601 188 576 11791 20736
1,34,36 1.759348174601 188 576 11791 20736
1,32,48 1.941257003854 108 432 11719 20736
24,6,12 2.614450284594 0 72 11799 20736
4,1,4 1.498751496244 474 1296 10955 20736
3,0,18 1.960837713445 96 384 11799 20736
1,24,144 1.739844430405 47 144 11702 20736
1,40,48 1.759126602709 141 432 11790 20736
16,32,48 2.614450284594 0 27 11799 20736
4,0,2 2.385833011939 0 2592 11039 20736
1,1,9 1.488051797188 990 2304 11783 20736
8,1,6 1.679238278859 144 432 11498 20736
18,0,1 1.514366123793 408 1152 10887 20736
9,6,8 1.725231661262 94 288 11634 20736
4,0,24 2.602963683033 0 216 11764 20736
1,59,72 1.944492877774 60 288 11288 20736
3,9,12 2.451047141807 36 576 11799 20736
2,15,24 1.547294562621 144 432 10796 20736
6,0,12 2.614450284594 0 288 11799 20736
4,24,48 2.602963683033 0 108 11764 20736
3,36,48 1.960837713445 36 144 11799 20736
3,1,24 1.859774531038 72 288 11368 20736
1,117,144 1.971346308481 30 144 11403 20736
36,0,8 2.612473958412 0 72 11793 20736
1,66,144 1.739844430405 47 144 11702 20736
1,4,48 1.759126602709 141 432 11790 20736
2,13,72 1.679238278859 48 144 11498 20736
1,32,72 1.941257003854 72 288 11719 20736
1,40,72 1.759348174601 94 288 11791 20736
1,61,144 2.241853265366 18 144 11637 20736
8,0,18 2.385833011939 0 144 11039 20736
4,3,18 1.556703464206 96 288 10850 20736
1,18,144 1.739844430405 47 144 11702 20736
4,32,48 2.614450284594 0 108 11799 20736
1,15,16 1.685838335573 348 1296 10733 20736
2,40,48 2.592873798470 0 216 11733 20736
8,32,48 2.614450284594 0 54 11799 20736
3,22,24 1.754266101872 94 288 11768 20736
1,7,48 2.169477517498 54 432 11367 20736
3,4,48 1.754266101872 47 144 11768 20736
1,4,72 1.759348174601 94 288 11791 20736
3,9,48 2.451047141807 9 144 11799 20736
3,17,48 1.859774531038 36 144 11368 20736
2,23,36 1.759348174601 94 288 11791 20736
8,5,9 1.759348174601 94 288 11791 20736
4,8,12 2.608530256234 0 432 11781 20736
6,7,8 1.573895199346 144 432 10947 20736
1,50,144 1.940288228619 36 144 11715 20736
2,29,36 1.759569802315 94 288 11792 20736
4,64,72 2.612473958412 0 72 11793 20736
4,3,12 1.556703464206 144 432 10850 20736
1,38,48 1.940288228619 108 432 11715 20736
18,0,8 2.480589293080 0 144 11371 20736
1,3,72 1.842554396492 74 288 11368 20736
12,6,9 1.960837713445 48 192 11799 20736
12,12,36 2.614450284594 0 48 11799 20736
2,5,9 1.671812539524 373 1152 11343 20736
4,1,18 1.759348174601 94 288 11791 20736
6,2,6 2.373272121469 0 576 10993 20736
18,2,4 2.549517391702 0 288 11597 20736
4,10,18 2.475259343579 0 288 11353 20736
8,1,9 1.679238278859 96 288 11498 20736
2,12,18 2.309310387531 0 576 10751 20736
4,2,18 2.519469511697 0 288 11500 20736
1,1,16 1.829645385085 333 1296 11309 20736
6,9,18 1.960837713445 48 192 11799 20736
1,41,72 1.978950982387 60 288 11435 20736
9,12,24 1.960837713445 24 96 11799 20736
1,11,48 1.944492877774 90 432 11288 20736
12,0,48 2.614450284594 0 36 11799 20736
18,6,16 2.549517391702 0 72 11597 20736
36,0,9 1.960837713445 16 64 11799 20736
8,17,18 1.759348174601 47 144 11791 20736
1,15,24 1.838014566076 216 864 11269 20736
1,26,36 1.932332575907 144 576 11682 20736
48,0,6 2.614450284594 0 72 11799 20736
9,9,18 2.451047141807 8 128 11799 20736
1,15,48 1.838014566076 108 432 11269 20736
4,0,72 2.602963683033 0 72 11764 20736
4,16,48 2.612473958412 0 108 11793 20736
6,7,24 1.573895199346 48 144 10947 20736
6,18,48 2.614450284594 0 72 11799 20736
2,4,24 2.602963683033 0 432 11764 20736
4,32,36 2.608530256234 0 144 11781 20736
2,15,72 1.547294562621 48 144 10796 20736
1,86,144 1.940288228619 36 144 11715 20736
1,109,144 2.241853265366 18 144 11637 20736
16,8,9 1.679238278859 48 144 11498 20736
1,7,24 2.169477517498 108 864 11367 20736
1,25,36 2.241299400245 72 576 11635 20736
4,14,24 2.519469511697 0 216 11500 20736
2,47,72 1.759569802315 47 144 11792 20736
2,16,48 2.592873798470 0 216 11733 20736
1,22,48 1.759126602709 141 432 11790 20736
16,8,24 2.614450284594 0 54 11799 20736
1,22,144 1.759348174601 47 144 11791 20736
3,23,24 1.998465116460 60 288 11516 20736
1,69,72 1.971346308481 60 288 11403 20736
1,142,144 1.759348174601 47 144 11791 20736
24,2,3 1.586903636930 96 288 11019 20736
4,14,18 2.519469511697 0 288 11500 20736
9,18,36 1.960837713445 16 64 11799 20736
12,66,72 2.614450284594 0 24 11799 20736
6,12,16 2.480589293080 0 216 11371 20736
1,92,144 1.942469334165 36 144 11724 20736
16,2,9 1.679238278859 48 144 11498 20736
1,11,72 1.951891394176 60 288 11320 20736
4,27,36 1.556703464206 48 144 10850 20736
3,6,18 1.960837713445 96 384 11799 20736
1,50,72 1.940288228619 72 288 11715 20736
1,2,48 1.940288228619 108 432 11715 20736
6,6,72 2.614450284594 0 48 11799 20736
1,16,48 1.759126602709 141 432 11790 20736
36,0,4 2.596770266980 0 144 11745 20736
1,31,72 2.169477517498 36 288 11367 20736
18,9,18 1.960837713445 16 64 11799 20736
1,5,36 1.978950982387 120 576 11435 20736
1,10,72 1.759348174601 94 288 11791 20736
2,8,12 2.475259343579 0 864 11353 20736
6,0,48 2.614450284594 0 72 11799 20736
3,24,48 1.960837713445 36 144 11799 20736
6,18,144 2.614450284594 0 24 11799 20736
1,8,36 1.901849313661 144 576 11553 20736
18,6,24 2.614450284594 0 48 11799 20736
2,16,18 2.518857418288 0 576 11498 20736
9,9,12 2.451047141807 12 192 11799 20736
2,5,24 1.759126602709 141 432 11790 20736
1,74,144 1.940288228619 36 144 11715 20736
1,90,144 1.739844430405 47 144 11702 20736
4,5,36 1.679238278859 48 144 11498 20736
12,5,6 1.586903636930 96 288 11019 20736
3,33,36 2.451047141807 12 192 11799 20736
12,18,72 2.614450284594 0 24 11799 20736
4,0,48 2.602963683033 0 108 11764 20736
48,0,24 2.614450284594 0 18 11799 20736
12,12,72 2.614450284594 0 24 11799 20736
2,60,72 2.461449634296 0 144 11306 20736
8,0,48 2.604271326490 0 54 11768 20736
1,72,144 1.739844430405 47 144 11702 20736
9,7,16 1.859774531038 36 144 11368 20736
2,14,18 2.475259343579 0 576 11353 20736
4,20,36 2.608530256234 0 144 11781 20736
1,0,72 1.739844430405 94 288 11702 20736
2,8,144 2.475259343579 0 72 11353 20736
1,39,72 1.842554396492 74 288 11368 20736
1,100,144 1.759569802315 47 144 11792 20736
12,24,72 2.614450284594 0 24 11799 20736
1,1,48 2.241299400245 54 432 11635 20736
1,49,72 2.241299400245 36 288 11635 20736
12,0,24 2.614450284594 0 72 11799 20736
6,10,12 2.549517391702 0 288 11597 20736
1,8,72 1.941257003854 72 288 11719 20736
48,2,3 1.586903636930 48 144 11019 20736
1,31,144 2.169477517498 18 144 11367 20736
16,1,9 1.759348174601 47 144 11791 20736
4,28,36 2.612473958412 0 144 11793 20736
4,8,48 2.614450284594 0 108 11799 20736
2,0,48 2.435145004805 0 216 11215 20736
3,8,24 1.754266101872 94 288 11768 20736
4,12,18 2.385833011939 0 288 11039 20736
1,132,144 1.739844430405 47 144 11702 20736
3,18,36 1.960837713445 48 192 11799 20736
36,0,12 2.614450284594 0 48 11799 20736
3,10,24 1.725657944154 94 288 11636 20736
3,3,72 2.451047141807 6 96 11799 20736
3,15,16 1.998465116460 90 432 11516 20736
9,6,12 1.960837713445 48 192 11799 20736
3,6,12 1.960837713445 144 576 11799 20736
1,58,72 1.759348174601 94 288 11791 20736
48,0,1 1.586903636930 144 432 11019 20736
18,0,6 2.614450284594 0 192 11799 20736
6,0,16 2.480589293080 0 216 11371 20736
1,20,48 1.941257003854 108 432 11719 20736
4,56,72 2.614450284594 0 72 11799 20736
4,0,36 2.596770266980 0 144 11745 20736
24,16,48 2.614450284594 0 18 11799 20736
2,43,72 1.679238278859 48 144 11498 20736
4,88,144 2.612473958412 0 36 11793 20736
1,102,144 1.739844430405 47 144 11702 20736
1,7,72 2.169477517498 36 288 11367 20736
1,67,72 2.168699583472 36 288 11364 20736
1,57,72 1.967094308368 60 288 11385 20736
4,15,18 1.556703464206 96 288 10850 20736
1,82,144 1.759348174601 47 144 11791 20736
1,34,72 1.759348174601 94 288 11791 20736
2,7,72 1.679238278859 48 144 11498 20736
12,6,24 2.614450284594 0 72 11799 20736
2,18,24 2.526837904128 0 432 11524 20736
6,4,16 2.480589293080 0 216 11371 20736
24,0,6 2.614450284594 0 144 11799 20736
3,9,72 2.451047141807 6 96 11799 20736
4,2,24 2.519469511697 0 216 11500 20736
9,9,16 1.994822405394 30 144 11501 20736
12,24,36 2.614450284594 0 48 11799 20736
12,0,36 2.614450284594 0 48 11799 20736
1,131,144 1.944492877774 30 144 11288 20736
6,30,36 2.614450284594 0 96 11799 20736
9,15,16 1.859774531038 36 144 11368 20736
9,13,16 1.998465116460 30 144 11516 20736
12,20,24 2.600678464034 0 72 11757 20736
8,11,18 1.759348174601 47 144 11791 20736
6,4,12 2.480589293080 0 288 11371 20736
6,24,36 2.614450284594 0 96 11799 20736
1,54,72 1.724805588923 94 288 11632 20736
4,6,18 2.385833011939 0 288 11039 20736
1,55,144 2.169477517498 18 144 11367 20736
1,33,48 1.967094308368 90 432 11385 20736
18,6,48 2.614450284594 0 24 11799 20736
12,36,48 2.614450284594 0 36 11799 20736
12,16,24 2.612473958412 0 72 11793 20736
12,3,36 1.960837713445 12 48 11799 20736
1,9,72 1.967094308368 60 288 11385 20736
1,16,72 1.759348174601 94 288 11791 20736
2,30,36 2.522227617419 0 288 11509 20736
16,16,24 2.614450284594 0 54 11799 20736
2,20,24 2.475259343579 0 432 11353 20736
36,12,24 2.614450284594 0 24 11799 20736
1,0,144 1.739844430405 47 144 11702 20736
1,133,144 2.241853265366 18 144 11637 20736
1,128,144 1.942469334165 36 144 11724 20736
8,4,9 1.679238278859 96 288 11498 20736
3,9,16 1.859552157855 108 432 11367 20736
6,15,18 1.960837713445 48 192 11799 20736
1,28,72 1.759569802315 94 288 11792 20736
6,10,24 2.549517391702 0 144 11597 20736
16,0,16 2.604271326490 0 81 11768 20736
3,23,48 1.998465116460 30 144 11516 20736
9,3,48 2.451047141807 3 48 11799 20736
1,113,144 1.978950982387 30 144 11435 20736
1,35,144 1.944492877774 30 144 11288 20736
8,8,48 2.614450284594 0 54 11799 20736
3,13,16 1.859774531038 108 432 11368 20736
8,56,72 2.614450284594 0 36 11799 20736
2,0,12 2.435145004805 0 864 11215 20736
2,6,36 2.522227617419 0 288 11509 20736
1,67,144 2.169477517498 18 144 11367 20736
2,10,18 2.518857418288 0 576 11498 20736
12,30,72 2.614450284594 0 24 11799 20736
2,35,72 1.759348174601 47 144 11791 20736
4,0,144 2.602963683033 0 36 11764 20736
4,9,36 1.556703464206 48 144 10850 20736
1,66,72 1.739844430405 94 288 11702 20736
8,2,6 2.475259343579 0 432 11353 20736
1,15,72 1.842554396492 74 288 11368 20736
2,24,36 2.435145004805 0 288 11215 20736
2,0,36 2.435145004805 0 288 11215 20736
1,44,144 1.941257003854 36 144 11719 20736
2,14,36 2.607874129828 0 288 11779 20736
3,21,36 2.451047141807 12 192 11799 20736
12,6,12 2.614450284594 0 144 11799 20736
1,38,72 1.932332575907 72 288 11682 20736
1,71,144 1.944492877774 30 144 11288 20736
1,30,72 1.724805588923 94 288 11632 20736
24,1,3 1.586903636930 96 288 11019 20736
3,2,24 1.725231661262 94 288 11634 20736
2,2,8 2.526837904128 0 1296 11524 20736
12,24,48 2.614450284594 0 36 11799 20736
9,6,16 1.754266101872 47 144 11768 20736
6,33,72 1.960837713445 12 48 11799 20736
1,47,48 1.944492877774 90 432 11288 20736
3,22,48 1.754266101872 47 144 11768 20736
24,0,3 1.960837713445 72 288 11799 20736
8,8,12 2.612473958412 0 216 11793 20736
3,20,48 1.754266101872 47 144 11768 20736
72,0,1 1.586903636930 96 288 11019 20736
6,18,72 2.614450284594 0 48 11799 20736
6,21,36 1.960837713445 24 96 11799 20736
6,12,48 2.614450284594 0 72 11799 20736
3,6,36 1.960837713445 48 192 11799 20736
1,70,72 1.759348174601 94 288 11791 20736
16,8,12 2.608530256234 0 108 11781 20736
6,1,3 1.514366123793 408 1152 10887 20736
2,10,36 2.527145855900 0 288 11525 20736
2,2,9 1.671812539524 373 1152 11343 20736
36,0,36 2.614450284594 0 16 11799 20736
3,43,48 1.994822405394 30 144 11501 20736
2,3,9 1.469510537735 472 1152 11401 20736
1,130,144 1.759348174601 47 144 11791 20736
3,84,144 1.960837713445 12 48 11799 20736
16,0,48 2.604271326490 0 27 11768 20736
4,8,18 2.519469511697 0 288 11500 20736
2,17,36 1.759348174601 94 288 11791 20736
6,3,18 1.960837713445 48 192 11799 20736
6,1,8 1.573895199346 144 432 10947 20736
18,54,72 2.614450284594 0 16 11799 20736
2,33,36 1.547294562621 96 288 10796 20736
3,4,24 1.754266101872 94 288 11768 20736
2,12,24 2.461449634296 0 432 11306 20736
3,0,12 1.960837713445 144 576 11799 20736
1,70,144 1.759348174601 47 144 11791 20736
4,18,24 2.385833011939 0 216 11039 20736
1,139,144 2.169477517498 18 144 11367 20736
2,0,72 2.435145004805 0 144 11215 20736
9,63,72 2.451047141807 2 32 11799 20736
1,20,144 1.942469334165 36 144 11724 20736
2,44,72 2.475259343579 0 144 11353 20736
2,4,48 2.602963683033 0 216 11764 20736
36,12,16 2.600678464034 0 36 11757 20736
18,6,12 2.614450284594 0 96 11799 20736
2,35,36 1.759348174601 94 288 11791 20736
16,4,9 1.759348174601 47 144 11791 20736
4,32,72 2.614450284594 0 72 11799 20736
1,112,144 1.759348174601 47 144 11791 20736
1,48,72 1.739844430405 94 288 11702 20736
8,0,36 2.596770266980 0 72 11745 20736
1,118,144 1.759348174601 47 144 11791 20736
2,34,36 2.527145855900 0 288 11525 20736
12,32,48 2.612473958412 0 36 11793 20736
1,46,144 1.759348174601 47 144 11791 20736
12,60,72 2.614450284594 0 24 11799 20736
6,3,24 1.960837713445 36 144 11799 20736
4,7,18 1.759348174601 94 288 11791 20736
16,96,144 2.604271326490 0 9 11768 20736
9,1,16 1.994822405394 30 144 11501 20736
4,20,24 2.608530256234 0 216 11781 20736
4,10,12 2.475259343579 0 432 11353 20736
1,51,72 1.842554396492 74 288 11368 20736
1,127,144 2.169477517498 18 144 11367 20736
4,4,36 2.612473958412 0 144 11793 20736
1,23,72 1.944492877774 60 288 11288 20736
16,6,9 1.556703464206 48 144 10850 20736
12,4,12 2.596770266980 0 144 11745 20736
8,13,18 1.679238278859 48 144 11498 20736
1,42,72 1.739844430405 94 288 11702 20736
3,27,36 2.451047141807 12 192 11799 20736
2,116,144 2.475259343579 0 72 11353 20736
2,22,24 2.527145855900 0 432 11525 20736
6,18,36 2.614450284594 0 96 11799 20736
9,36,72 1.960837713445 8 32 11799 20736
4,40,72 2.612473958412 0 72 11793 20736
4,54,72 2.385833011939 0 72 11039 20736
4,124,144 2.614450284594 0 36 11799 20736
2,21,36 1.547294562621 96 288 10796 20736
8,4,6 2.519469511697 0 432 11500 20736
3,29,48 1.859774531038 36 144 11368 20736
36,0,24 2.614450284594 0 24 11799 20736
9,45,72 2.451047141807 2 32 11799 20736
1,52,72 1.759348174601 94 288 11791 20736
2,27,36 1.547294562621 96 288 10796 20736
9,1,8 1.994822405394 60 288 11501 20736
2,132,144 2.461449634296 0 72 11306 20736
4,11,12 1.679238278859 144 432 11498 20736
2,28,48 2.602963683033 0 216 11764 20736
48,0,8 2.614450284594 0 54 11799 20736
1,71,72 1.944492877774 60 288 11288 20736
2,11,24 1.759126602709 141 432 11790 20736
1,94,144 1.759348174601 47 144 11791 20736
3,44,48 1.754266101872 47 144 11768 20736
36,0,72 2.614450284594 0 8 11799 20736
6,0,36 2.614450284594 0 96 11799 20736
1,126,144 1.739844430405 47 144 11702 20736
1,35,72 1.944492877774 60 288 11288 20736
1,68,72 1.941257003854 72 288 11719 20736
6,7,12 1.573895199346 96 288 10947 20736
3,54,144 1.960837713445 12 48 11799 20736
24,0,16 2.614450284594 0 54 11799 20736
1,38,144 1.940288228619 36 144 11715 20736
12,6,72 2.614450284594 0 24 11799 20736
72,0,24 2.614450284594 0 12 11799 20736
2,13,36 1.679238278859 96 288 11498 20736
9,99,144 2.451047141807 1 16 11799 20736
12,0,9 1.960837713445 48 192 11799 20736
18,1,8 1.573895199346 48 144 10947 20736
6,40,48 2.480589293080 0 72 11371 20736
1,57,144 1.967094308368 30 144 11385 20736
3,0,24 1.960837713445 72 288 11799 20736
18,7,8 1.573895199346 48 144 10947 20736
18,4,8 2.480589293080 0 144 11371 20736
12,6,36 2.614450284594 0 48 11799 20736
18,54,144 2.614450284594 0 8 11799 20736
3,0,36 1.960837713445 48 192 11799 20736
4,12,36 2.596770266980 0 144 11745 20736
1,45,144 1.971346308481 30 144 11403 20736
6,12,36 2.614450284594 0 96 11799 20736
8,16,24 2.614450284594 0 108 11799 20736
1,80,144 1.941257003854 36 144 11719 20736
6,51,72 1.960837713445 12 48 11799 20736
3,81,144 2.451047141807 3 48 11799 20736
2,8,36 2.475259343579 0 288 11353 20736
9,7,8 1.859774531038 72 288 11368 20736
4,128,144 2.614450284594 0 36 11799 20736
1,60,144 1.739844430405 47 144 11702 20736
8,0,9 1.556703464206 96 288 10850 20736
4,17,18 1.679238278859 96 288 11498 20736
1,43,48 2.169477517498 54 432 11367 20736
12,3,12 1.960837713445 36 144 11799 20736
36,6,24 2.614450284594 0 24 11799 20736
2,25,36 1.679238278859 96 288 11498 20736
2,40,144 2.593522397647 0 72 11735 20736
9,5,16 1.998465116460 30 144 11516 20736
1,114,144 1.739844430405 47 144 11702 20736
1,37,72 2.241853265366 36 288 11637 20736
4,24,36 2.596770266980 0 144 11745 20736
16,16,72 2.614450284594 0 18 11799 20736
2,20,48 2.475259343579 0 216 11353 20736
6,1,24 1.573895199346 48 144 10947 20736
2,41,72 1.759348174601 47 144 11791 20736
16,16,48 2.614450284594 0 27 11799 20736
24,48,72 2.614450284594 0 12 11799 20736
1,103,144 2.169477517498 18 144 11367 20736
8,16,72 2.614450284594 0 36 11799 20736
1,24,72 1.739844430405 94 288 11702 20736
12,2,12 2.430008353154 0 144 11197 20736
4,19,36 1.759348174601 47 144 11791 20736
24,0,18 2.614450284594 0 48 11799 20736
4,32,144 2.614450284594 0 36 11799 20736
1,17,72 1.978950982387 60 288 11435 20736
6,12,72 2.614450284594 0 48 11799 20736
12,11,12 1.586903636930 48 144 11019 20736
1,28,144 1.759569802315 47 144 11792 20736
3,38,48 1.754266101872 47 144 11768 20736
4,35,36 1.679238278859 48 144 11498 20736
36,18,36 2.614450284594 0 16 11799 20736
18,18,72 2.614450284594 0 16 11799 20736
9,4,16 1.754266101872 47 144 11768 20736
6,10,16 2.549517391702 0 216 11597 20736
2,48,144 2.435145004805 0 72 11215 20736
12,8,24 2.612473958412 0 72 11793 20736
1,2,72 1.940288228619 72 288 11715 20736
6,14,16 2.550458137851 0 216 11600 20736
1,121,144 2.241299400245 18 144 11635 20736
9,10,16 1.754266101872 47 144 11768 20736
18,0,36 2.614450284594 0 32 11799 20736
1,81,144 1.967094308368 30 144 11385 20736
8,12,24 2.596770266980 0 108 11745 20736
2,52,72 2.602963683033 0 144 11764 20736
4,80,144 2.614450284594 0 36 11799 20736
1,108,144 1.739844430405 47 144 11702 20736
1,58,144 1.759348174601 47 144 11791 20736
36,18,72 2.614450284594 0 8 11799 20736
4,2,72 2.519469511697 0 72 11500 20736
6,48,72 2.614450284594 0 48 11799 20736
36,1,2 1.586903636930 96 288 11019 20736
3,12,24 1.960837713445 72 288 11799 20736
18,18,36 2.614450284594 0 32 11799 20736
48,0,16 2.614450284594 0 27 11799 20736
3,40,48 1.754266101872 47 144 11768 20736
4,16,144 2.612473958412 0 36 11793 20736
6,2,8 2.549517391702 0 432 11597 20736
1,42,144 1.739844430405 47 144 11702 20736
8,16,48 2.614450284594 0 54 11799 20736
48,0,48 2.614450284594 0 9 11799 20736
6,9,12 1.960837713445 72 288 11799 20736
12,7,12 1.586903636930 48 144 11019 20736
2,22,36 2.527145855900 0 288 11525 20736
1,63,72 1.842554396492 74 288 11368 20736
24,16,24 2.614450284594 0 36 11799 20736
1,96,144 1.739844430405 47 144 11702 20736
6,5,24 1.573895199346 48 144 10947 20736
3,24,144 1.960837713445 12 48 11799 20736
1,98,144 1.940288228619 36 144 11715 20736
2,32,48 2.475259343579 0 216 11353 20736
4,62,72 2.519469511697 0 72 11500 20736
3,21,24 2.451047141807 18 288 11799 20736
2,11,36 1.759569802315 94 288 11792 20736
6,12,24 2.614450284594 0 144 11799 20736
144,0,24 2.614450284594 0 6 11799 20736
1,26,72 1.940288228619 72 288 11715 20736
72,8,16 2.614450284594 0 18 11799 20736
2,44,48 2.475259343579 0 216 11353 20736
2,59,72 1.759348174601 47 144 11791 20736
1,76,144 1.759348174601 47 144 11791 20736
24,5,6 1.586903636930 48 144 11019 20736
72,6,12 2.614450284594 0 24 11799 20736
6,42,48 2.614450284594 0 72 11799 20736
3,15,72 2.451047141807 6 96 11799 20736
3,0,16 1.754266101872 141 432 11768 20736
3,30,36 1.960837713445 48 192 11799 20736
2,71,72 1.759348174601 47 144 11791 20736
3,39,48 2.451047141807 9 144 11799 20736
2,10,24 2.527145855900 0 432 11525 20736
8,9,18 1.556703464206 48 144 10850 20736
4,136,144 2.612473958412 0 36 11793 20736
4,96,144 2.602963683033 0 36 11764 20736
24,1,6 1.586903636930 48 144 11019 20736
1,37,144 2.241853265366 18 144 11637 20736
3,28,48 1.754266101872 47 144 11768 20736
2,22,48 2.527145855900 0 216 11525 20736
1,45,72 1.971346308481 60 288 11403 20736
24,12,24 2.614450284594 0 36 11799 20736
3,120,144 1.960837713445 12 48 11799 20736
24,0,8 2.614450284594 0 108 11799 20736
2,0,4 2.435145004805 0 2592 11215 20736
2,108,144 2.461449634296 0 72 11306 20736
4,34,72 2.475259343579 0 72 11353 20736
24,3,6 1.960837713445 36 144 11799 20736
2,19,36 1.679238278859 96 288 11498 20736
8,0,2 2.385833011939 0 1296 11039 20736
36,54,72 2.614450284594 0 8 11799 20736
1,83,144 1.951891394176 30 144 11320 20736
1,1,72 2.241299400245 36 288 11635 20736
2,69,72 1.547294562621 48 144 10796 20736
24,0,2 2.430008353154 0 432 11197 20736
12,96,144 2.614450284594 0 12 11799 20736
3,141,144 2.451047141807 3 48 11799 20736
1,85,144 2.241853265366 18 144 11637 20736
4,28,144 2.614450284594 0 36 11799 20736
2,15,36 1.547294562621 96 288 10796 20736
9,0,36 1.960837713445 16 64 11799 20736
12,12,48 2.614450284594 0 36 11799 20736
16,64,72 2.614450284594 0 18 11799 20736
1,75,144 1.842554396492 37 144 11368 20736
4,72,144 2.602963683033 0 36 11764 20736
1,64,144 1.759569802315 47 144 11792 20736
6,17,24 1.573895199346 48 144 10947 20736
2,42,72 2.526837904128 0 144 11524 20736
3,7,48 1.998465116460 30 144 11516 20736
24,0,4 2.596770266980 0 216 11745 20736
36,2,4 2.430008353154 0 144 11197 20736
8,7,9 1.679238278859 96 288 11498 20736
2,36,72 2.461449634296 0 144 11306 20736
4,140,144 2.608530256234 0 36 11781 20736
1,12,72 1.739844430405 94 288 11702 20736
36,108,144 2.614450284594 0 4 11799 20736
1,4,144 1.759348174601 47 144 11791 20736
4,8,144 2.614450284594 0 36 11799 20736
1,65,144 1.978950982387 30 144 11435 20736
18,9,72 1.960837713445 4 16 11799 20736
1,25,144 2.241299400245 18 144 11635 20736
4,26,72 2.519469511697 0 72 11500 20736
2,3,72 1.547294562621 48 144 10796 20736
1,105,144 1.967094308368 30 144 11385 20736
8,16,18 2.519469511697 0 144 11500 20736
6,23,24 1.573895199346 48 144 10947 20736
12,36,72 2.614450284594 0 24 11799 20736
2,0,144 2.435145004805 0 72 11215 20736
16,8,72 2.614450284594 0 18 11799 20736
1,95,144 1.944492877774 30 144 11288 20736
36,8,16 2.612473958412 0 36 11793 20736
4,120,144 2.602963683033 0 36 11764 20736
12,18,36 2.614450284594 0 48 11799 20736
2,42,48 2.526837904128 0 216 11524 20736
2,1,72 1.679238278859 48 144 11498 20736
4,24,72 2.602963683033 0 72 11764 20736
2,56,72 2.475259343579 0 144 11353 20736
18,0,24 2.614450284594 0 48 11799 20736
6,0,4 2.480589293080 0 864 11371 20736
6,30,48 2.614450284594 0 72 11799 20736
9,27,36 2.451047141807 4 64 11799 20736
1,53,72 1.981100379614 60 288 11444 20736
1,5,144 1.981100379614 30 144 11444 20736
12,8,48 2.612473958412 0 36 11793 20736
24,72,144 2.614450284594 0 6 11799 20736
4,6,36 2.385833011939 0 144 11039 20736
8,36,72 2.596770266980 0 36 11745 20736
3,17,24 1.859774531038 72 288 11368 20736
1,48,144 1.739844430405 47 144 11702 20736
3,31,48 1.998465116460 30 144 11516 20736
16,0,6 2.385833011939 0 216 11039 20736
3,27,48 2.451047141807 9 144 11799 20736
1,129,144 1.967094308368 30 144 11385 20736
4,23,36 1.679238278859 48 144 11498 20736
9,8,16 1.754266101872 47 144 11768 20736
12,4,8 2.600678464034 0 216 11757 20736
48,4,12 2.596770266980 0 36 11745 20736
1,106,144 1.759348174601 47 144 11791 20736
2,67,72 1.679238278859 48 144 11498 20736
4,8,36 2.608530256234 0 144 11781 20736
72,0,18 2.614450284594 0 16 11799 20736
2,1,36 1.679238278859 96 288 11498 20736
48,0,3 1.960837713445 36 144 11799 20736
2,7,24 1.679238278859 144 432 11498 20736
1,119,144 1.951891394176 30 144 11320 20736
1,88,144 1.759348174601 47 144 11791 20736
1,19,144 2.169477517498 18 144 11367 20736
8,6,18 2.385833011939 0 144 11039 20736
4,12,72 2.600678464034 0 72 11757 20736
1,5,72 1.981100379614 60 288 11444 20736
1,27,72 1.842554396492 74 288 11368 20736
36,36,72 2.614450284594 0 8 11799 20736
2,72,144 2.435145004805 0 72 11215 20736
12,16,48 2.612473958412 0 36 11793 20736
1,52,144 1.759348174601 47 144 11791 20736
8,0,144 2.604271326490 0 18 11768 20736
18,3,12 1.960837713445 24 96 11799 20736
3,30,72 1.960837713445 24 96 11799 20736
1,61,72 2.241853265366 36 288 11637 20736
6,2,12 2.549517391702 0 288 11597 20736
3,34,48 1.754266101872 47 144 11768 20736
12,40,48 2.612473958412 0 36 11793 20736
9,12,16 1.754266101872 47 144 11768 20736
9,0,8 1.754266101872 94 288 11768 20736
2,4,12 2.592873798470 0 864 11733 20736
8,68,72 2.612473958412 0 36 11793 20736
12,9,18 1.960837713445 24 96 11799 20736
3,14,48 1.754266101872 47 144 11768 20736
3,66,72 1.960837713445 24 96 11799 20736
48,0,12 2.614450284594 0 36 11799 20736
4,12,48 2.600678464034 0 108 11757 20736
24,4,8 2.596770266980 0 108 11745 20736
12,2,8 2.430008353154 0 216 11197 20736
36,12,48 2.614450284594 0 12 11799 20736
3,6,24 1.960837713445 72 288 11799 20736
6,24,48 2.614450284594 0 72 11799 20736
2,21,24 1.547294562621 144 432 10796 20736
16,0,4 2.596770266980 0 324 11745 20736
6,36,48 2.614450284594 0 72 11799 20736
4,48,72 2.602963683033 0 72 11764 20736
6,6,36 2.614450284594 0 96 11799 20736
12,6,8 2.430008353154 0 216 11197 20736
6,9,72 1.960837713445 12 48 11799 20736
8,20,24 2.612473958412 0 108 11793 20736
36,0,16 2.612473958412 0 36 11793 20736
1,140,144 1.941257003854 36 144 11719 20736
36,18,24 2.614450284594 0 24 11799 20736
2,102,144 2.522227617419 0 72 11509 20736
8,14,18 2.475259343579 0 144 11353 20736
4,11,18 1.679238278859 96 288 11498 20736
1,16,144 1.759348174601 47 144 11791 20736
3,20,24 1.754266101872 94 288 11768 20736
1,79,144 2.169477517498 18 144 11367 20736
3,3,36 2.451047141807 12 192 11799 20736
4,56,144 2.614450284594 0 36 11799 20736
24,8,16 2.614450284594 0 54 11799 20736
3,12,36 1.960837713445 48 192 11799 20736
3,19,24 1.994822405394 60 288 11501 20736
36,6,12 2.614450284594 0 48 11799 20736
3,9,36 2.451047141807 12 192 11799 20736
2,54,144 2.522227617419 0 72 11509 20736
2,28,144 2.602963683033 0 72 11764 20736
18,27,36 1.960837713445 8 32 11799 20736
2,6,8 2.522227617419 0 1296 11509 20736
16,4,12 2.612473958412 0 108 11793 20736
48,0,4 2.596770266980 0 108 11745 20736
8,0,6 2.385833011939 0 432 11039 20736
6,11,12 1.573895199346 96 288 10947 20736
18,3,24 1.960837713445 12 48 11799 20736
8,15,18 1.556703464206 48 144 10850 20736
12,36,144 2.614450284594 0 12 11799 20736
4,4,72 2.614450284594 0 72 11799 20736
9,0,12 1.960837713445 48 192 11799 20736
9,6,24 1.960837713445 24 96 11799 20736
8,16,144 2.614450284594 0 18 11799 20736
1,17,144 1.978950982387 30 144 11435 20736
1,63,144 1.842554396492 37 144 11368 20736
24,0,12 2.614450284594 0 72 11799 20736
2,9,72 1.547294562621 48 144 10796 20736
1,115,144 2.169477517498 18 144 11367 20736
6,2,16 2.549517391702 0 216 11597 20736
8,0,8 2.604271326490 0 324 11768 20736
1,12,144 1.739844430405 47 144 11702 20736
2,28,72 2.602963683033 0 144 11764 20736
3,18,24 1.960837713445 72 288 11799 20736
24,24,48 2.614450284594 0 18 11799 20736
4,4,24 2.614450284594 0 216 11799 20736
9,72,144 1.960837713445 4 16 11799 20736
24,18,36 2.614450284594 0 24 11799 20736
8,128,144 2.614450284594 0 18 11799 20736
4,13,18 1.759348174601 94 288 11791 20736
48,0,144 2.614450284594 0 3 11799 20736
9,18,24 1.960837713445 24 96 11799 20736
1,122,144 1.940288228619 36 144 11715 20736
8,40,48 2.614450284594 0 54 11799 20736
4,22,72 2.475259343579 0 72 11353 20736
2,12,72 2.461449634296 0 144 11306 20736
3,2,48 1.754266101872 47 144 11768 20736
18,27,72 1.960837713445 4 16 11799 20736
72,18,36 2.614450284594 0 8 11799 20736
16,0,12 2.596770266980 0 108 11745 20736
1,124,144 1.759348174601 47 144 11791 20736
36,2,8 2.430008353154 0 72 11197 20736
2,18,48 2.526837904128 0 216 11524 20736
3,21,48 2.451047141807 9 144 11799 20736
1,73,144 2.241299400245 18 144 11635 20736
24,6,18 2.614450284594 0 48 11799 20736
8,4,72 2.608530256234 0 36 11781 20736
2,114,144 2.526837904128 0 72 11524 20736
2,33,72 1.547294562621 48 144 10796 20736
4,6,72 2.385833011939 0 72 11039 20736
8,16,36 2.608530256234 0 72 11781 20736
2,112,144 2.593522397647 0 72 11735 20736
8,44,72 2.612473958412 0 36 11793 20736
4,36,144 2.600678464034 0 36 11757 20736
16,8,36 2.608530256234 0 36 11781 20736
2,7,36 1.679238278859 96 288 11498 20736
12,132,144 2.614450284594 0 12 11799 20736
6,9,24 1.960837713445 36 144 11799 20736
12,0,144 2.614450284594 0 12 11799 20736
9,0,16 1.754266101872 47 144 11768 20736
12,14,24 2.430008353154 0 72 11197 20736
3,18,48 1.960837713445 36 144 11799 20736
24,0,48 2.614450284594 0 18 11799 20736
8,120,144 2.604271326490 0 18 11768 20736
1,10,144 1.759348174601 47 144 11791 20736
18,12,16 2.480589293080 0 72 11371 20736
2,51,72 1.547294562621 48 144 10796 20736
1,33,144 1.967094308368 30 144 11385 20736
4,64,144 2.612473958412 0 36 11793 20736
2,28,36 2.592873798470 0 288 11733 20736
18,45,72 1.960837713445 4 16 11799 20736
12,4,16 2.600678464034 0 108 11757 20736
9,14,16 1.754266101872 47 144 11768 20736
16,0,24 2.604271326490 0 54 11768 20736
48,6,18 2.614450284594 0 24 11799 20736
8,12,36 2.596770266980 0 72 11745 20736
2,26,48 2.608530256234 0 216 11781 20736
3,27,144 2.451047141807 3 48 11799 20736
2,44,144 2.475259343579 0 72 11353 20736
1,47,72 1.951891394176 60 288 11320 20736
24,0,24 2.614450284594 0 36 11799 20736
3,3,24 2.451047141807 18 288 11799 20736
4,30,72 2.385833011939 0 72 11039 20736
8,8,18 2.475259343579 0 144 11353 20736
2,136,144 2.592873798470 0 72 11733 20736
16,4,6 2.475259343579 0 216 11353 20736
8,0,12 2.596770266980 0 216 11745 20736
9,9,36 2.451047141807 4 64 11799 20736
9,3,12 2.451047141807 12 192 11799 20736
3,72,144 1.960837713445 12 48 11799 20736
12,72,144 2.614450284594 0 12 11799 20736
2,122,144 2.608530256234 0 72 11781 20736
3,24,36 1.960837713445 48 192 11799 20736
48,16,48 2.614450284594 0 9 11799 20736
6,3,12 1.960837713445 72 288 11799 20736
9,54,72 1.960837713445 8 32 11799 20736
9,24,48 1.960837713445 12 48 11799 20736
18,0,12 2.614450284594 0 96 11799 20736
16,64,144 2.614450284594 0 9 11799 20736
1,1,144 2.241299400245 18 144 11635 20736
2,60,144 2.461449634296 0 72 11306 20736
4,18,72 2.385833011939 0 72 11039 20736
36,6,8 2.430008353154 0 72 11197 20736
4,44,72 2.608530256234 0 72 11781 20736
6,27,72 1.960837713445 12 48 11799 20736
3,21,72 2.451047141807 6 96 11799 20736
2,12,36 2.435145004805 0 288 11215 20736
16,0,144 2.604271326490 0 9 11768 20736
8,0,24 2.604271326490 0 108 11768 20736
1,23,144 1.944492877774 30 144 11288 20736
18,0,4 2.480589293080 0 288 11371 20736
2,16,144 2.592873798470 0 72 11733 20736
24,60,72 2.614450284594 0 12 11799 20736
2,14,48 2.607874129828 0 216 11779 20736
1,51,144 1.842554396492 37 144 11368 20736
16,7,9 1.759348174601 47 144 11791 20736
6,16,24 2.480589293080 0 144 11371 20736
1,13,72 2.241853265366 36 288 11637 20736
1,141,144 1.971346308481 30 144 11403 20736
4,6,24 2.385833011939 0 216 11039 20736
4,112,144 2.612473958412 0 36 11793 20736
2,100,144 2.602963683033 0 72 11764 20736
4,12,24 2.600678464034 0 216 11757 20736
2,32,36 2.475259343579 0 288 11353 20736
2,70,144 2.527145855900 0 72 11525 20736
6,45,72 1.960837713445 12 48 11799 20736
36,27,36 1.960837713445 4 16 11799 20736
3,6,48 1.960837713445 36 144 11799 20736
4,104,144 2.614450284594 0 36 11799 20736
2,48,72 2.435145004805 0 144 11215 20736
4,1,36 1.759348174601 47 144 11791 20736
3,15,36 2.451047141807 12 192 11799 20736
144,0,6 2.614450284594 0 24 11799 20736
3,42,72 1.960837713445 24 96 11799 20736
2,18,72 2.526837904128 0 144 11524 20736
12,3,6 1.960837713445 72 288 11799 20736
3,66,144 1.960837713445 12 48 11799 20736
1,14,144 1.940288228619 36 144 11715 20736
48,0,2 2.430008353154 0 216 11197 20736
2,64,72 2.592873798470 0 144 11733 20736
6,21,24 1.960837713445 36 144 11799 20736
16,80,144 2.614450284594 0 9 11799 20736
3,39,144 2.451047141807 3 48 11799 20736
3,33,48 2.451047141807 9 144 11799 20736
6,34,48 2.549517391702 0 72 11597 20736
2,4,144 2.602963683033 0 72 11764 20736
2,2,24 2.608530256234 0 432 11781 20736
2,30,48 2.522227617419 0 216 11509 20736
8,10,18 2.519469511697 0 144 11500 20736
24,3,9 1.960837713445 24 96 11799 20736
18,0,72 2.614450284594 0 16 11799 20736
3,114,144 1.960837713445 12 48 11799 20736
12,0,72 2.614450284594 0 24 11799 20736
3,8,48 1.754266101872 47 144 11768 20736
48,0,18 2.614450284594 0 24 11799 20736
16,16,144 2.614450284594 0 9 11799 20736
1,93,144 1.971346308481 30 144 11403 20736
24,0,72 2.614450284594 0 12 11799 20736
9,9,72 2.451047141807 2 32 11799 20736
8,24,48 2.604271326490 0 54 11768 20736
3,57,144 2.451047141807 3 48 11799 20736
9,27,48 2.451047141807 3 48 11799 20736
4,22,36 2.475259343579 0 144 11353 20736
9,9,24 2.451047141807 6 96 11799 20736
4,44,144 2.608530256234 0 36 11781 20736
4,29,36 1.679238278859 48 144 11498 20736
6,46,48 2.550458137851 0 72 11600 20736
16,8,18 2.519469511697 0 72 11500 20736
48,12,18 2.614450284594 0 24 11799 20736
72,0,9 1.960837713445 8 32 11799 20736
2,134,144 2.607874129828 0 72 11779 20736
6,28,48 2.480589293080 0 72 11371 20736
4,6,12 2.385833011939 0 432 11039 20736
2,31,72 1.679238278859 48 144 11498 20736
4,10,24 2.475259343579 0 216 11353 20736
2,4,36 2.593522397647 0 288 11735 20736
24,36,72 2.614450284594 0 12 11799 20736
72,0,6 2.614450284594 0 48 11799 20736
1,3,144 1.842554396492 37 144 11368 20736
24,12,18 2.614450284594 0 48 11799 20736
4,108,144 2.600678464034 0 36 11757 20736
2,80,144 2.475259343579 0 72 11353 20736
72,0,72 2.614450284594 0 4 11799 20736
36,0,48 2.614450284594 0 12 11799 20736
16,32,144 2.614450284594 0 9 11799 20736
24,48,144 2.614450284594 0 6 11799 20736
8,7,18 1.679238278859 48 144 11498 20736
6,0,144 2.614450284594 0 24 11799 20736
3,7,24 1.998465116460 60 288 11516 20736
2,64,144 2.592873798470 0 72 11733 20736
6,114,144 2.614450284594 0 24 11799 20736
1,120,144 1.739844430405 47 144 11702 20736
6,78,144 2.614450284594 0 24 11799 20736
24,0,9 1.960837713445 24 96 11799 20736
6,132,144 2.614450284594 0 24 11799 20736
1,19,72 2.168699583472 36 288 11364 20736
48,2,6 2.430008353154 0 72 11197 20736
1,89,144 1.978950982387 30 144 11435 20736
6,66,72 2.614450284594 0 48 11799 20736
72,0,48 2.614450284594 0 6 11799 20736
1,125,144 1.981100379614 30 144 11444 20736
6,0,72 2.614450284594 0 48 11799 20736
144,0,16 2.614450284594 0 9 11799 20736
9,2,16 1.754266101872 47 144 11768 20736
36,24,48 2.614450284594 0 12 11799 20736
12,2,4 2.430008353154 0 432 11197 20736
8,72,144 2.604271326490 0 18 11768 20736
2,6,48 2.522227617419 0 216 11509 20736
16,32,72 2.614450284594 0 18 11799 20736
1,13,144 2.241853265366 18 144 11637 20736
3,5,48 1.859774531038 36 144 11368 20736
1,134,144 1.940288228619 36 144 11715 20736
8,24,36 2.596770266980 0 72 11745 20736
16,0,8 2.604271326490 0 162 11768 20736
36,3,6 1.960837713445 24 96 11799 20736
16,5,9 1.679238278859 48 144 11498 20736
12,54,72 2.614450284594 0 24 11799 20736
6,6,16 2.550458137851 0 216 11600 20736
36,1,4 1.586903636930 48 144 11019 20736
3,9,144 2.451047141807 3 48 11799 20736
3,32,48 1.754266101872 47 144 11768 20736
12,24,144 2.614450284594 0 12 11799 20736
16,2,6 2.519469511697 0 216 11500 20736
6,2,48 2.549517391702 0 72 11597 20736
8,5,18 1.759348174601 47 144 11791 20736
3,41,48 1.859774531038 36 144 11368 20736
6,39,72 1.960837713445 12 48 11799 20736
6,96,144 2.614450284594 0 24 11799 20736
2,23,72 1.759348174601 47 144 11791 20736
24,30,36 2.614450284594 0 24 11799 20736
9,135,144 2.451047141807 1 16 11799 20736
1,15,144 1.842554396492 37 144 11368 20736
1,62,144 1.940288228619 36 144 11715 20736
2,10,16 2.526837904128 0 648 11524 20736
3,47,48 1.998465116460 30 144 11516 20736
36,9,18 1.960837713445 8 32 11799 20736
3,24,72 1.960837713445 24 96 11799 20736
4,40,144 2.612473958412 0 36 11793 20736
2,57,72 1.547294562621 48 144 10796 20736
2,128,144 2.475259343579 0 72 11353 20736
2,36,144 2.461449634296 0 72 11306 20736
6,108,144 2.614450284594 0 24 11799 20736
9,21,48 2.451047141807 3 48 11799 20736
24,0,144 2.614450284594 0 6 11799 20736
36,9,12 1.960837713445 12 48 11799 20736
3,36,72 1.960837713445 24 96 11799 20736
8,20,36 2.612473958412 0 72 11793 20736
48,6,9 1.960837713445 12 48 11799 20736
1,39,144 1.842554396492 37 144 11368 20736
12,30,36 2.614450284594 0 48 11799 20736
144,0,18 2.614450284594 0 8 11799 20736
36,3,4 1.586903636930 48 144 11019 20736
1,69,144 1.971346308481 30 144 11403 20736
2,29,72 1.759569802315 47 144 11792 20736
1,8,144 1.941257003854 36 144 11719 20736
2,32,72 2.475259343579 0 144 11353 20736
2,19,72 1.679238278859 48 144 11498 20736
12,48,72 2.614450284594 0 24 11799 20736
12,108,144 2.614450284594 0 12 11799 20736
2,2,16 2.526837904128 0 648 11524 20736
6,54,72 2.614450284594 0 48 11799 20736
12,48,144 2.614450284594 0 12 11799 20736
6,8,24 2.480589293080 0 144 11371 20736
2,10,48 2.527145855900 0 216 11525 20736
6,2,24 2.549517391702 0 144 11597 20736
4,17,36 1.679238278859 48 144 11498 20736
2,18,144 2.526837904128 0 72 11524 20736
12,4,48 2.600678464034 0 36 11757 20736
2,24,144 2.435145004805 0 72 11215 20736
4,31,36 1.759348174601 47 144 11791 20736
1,53,144 1.981100379614 30 144 11444 20736
2,20,36 2.475259343579 0 288 11353 20736
3,126,144 1.960837713445 12 48 11799 20736
48,48,72 2.614450284594 0 6 11799 20736
4,36,48 2.600678464034 0 108 11757 20736
8,48,144 2.604271326490 0 18 11768 20736
2,120,144 2.435145004805 0 72 11215 20736
8,2,12 2.475259343579 0 216 11353 20736
6,20,24 2.480589293080 0 144 11371 20736
18,1,4 1.573895199346 96 288 10947 20736
6,60,72 2.614450284594 0 48 11799 20736
72,36,72 2.614450284594 0 4 11799 20736
8,2,9 1.759348174601 94 288 11791 20736
2,142,144 2.527145855900 0 72 11525 20736
9,3,24 2.451047141807 6 96 11799 20736
2,6,16 2.522227617419 0 648 11509 20736
1,77,144 1.981100379614 30 144 11444 20736
36,72,144 2.614450284594 0 4 11799 20736
18,14,16 2.549517391702 0 72 11597 20736
3,27,72 2.451047141807 6 96 11799 20736
4,34,36 2.475259343579 0 144 11353 20736
3,42,48 1.960837713445 36 144 11799 20736
6,6,48 2.614450284594 0 72 11799 20736
18,18,24 2.614450284594 0 48 11799 20736
6,24,144 2.614450284594 0 24 11799 20736
4,21,36 1.556703464206 48 144 10850 20736
9,15,48 2.451047141807 3 48 11799 20736
12,12,144 2.614450284594 0 12 11799 20736
6,15,36 1.960837713445 24 96 11799 20736
8,28,36 2.608530256234 0 72 11781 20736
6,44,48 2.480589293080 0 72 11371 20736
4,7,36 1.759348174601 47 144 11791 20736
4,10,36 2.475259343579 0 144 11353 20736
12,84,144 2.614450284594 0 12 11799 20736
3,36,144 1.960837713445 12 48 11799 20736
4,38,72 2.519469511697 0 72 11500 20736
6,6,24 2.614450284594 0 144 11799 20736
4,18,36 2.385833011939 0 144 11039 20736
6,6,8 2.550458137851 0 432 11600 20736
36,0,144 2.614450284594 0 4 11799 20736
1,46,72 1.759348174601 94 288 11791 20736
18,0,48 2.614450284594 0 24 11799 20736
4,4,48 2.614450284594 0 108 11799 20736
2,4,72 2.602963683033 0 144 11764 20736
3,18,72 1.960837713445 24 96 11799 20736
4,24,144 2.602963683033 0 36 11764 20736
8,8,16 2.604271326490 0 162 11768 20736
48,24,72 2.614450284594 0 6 11799 20736
3,10,48 1.754266101872 47 144 11768 20736
4,20,48 2.608530256234 0 108 11781 20736
2,68,72 2.475259343579 0 144 11353 20736
12,4,24 2.600678464034 0 72 11757 20736
8,32,72 2.614450284594 0 36 11799 20736
8,0,72 2.604271326490 0 36 11768 20736
24,120,144 2.614450284594 0 6 11799 20736
4,60,144 2.600678464034 0 36 11757 20736
2,90,144 2.526837904128 0 72 11524 20736
36,36,144 2.614450284594 0 4 11799 20736
12,12,16 2.600678464034 0 108 11757 20736
1,30,144 1.739844430405 47 144 11702 20736
9,0,48 1.960837713445 12 48 11799 20736
3,0,144 1.960837713445 12 48 11799 20736
4,48,144 2.602963683033 0 36 11764 20736
1,34,144 1.759348174601 47 144 11791 20736
2,38,72 2.607874129828 0 144 11779 20736
16,2,18 2.519469511697 0 72 11500 20736
3,30,48 1.960837713445 36 144 11799 20736
8,0,4 2.596770266980 0 648 11745 20736
144,0,3 1.960837713445 12 48 11799 20736
4,60,72 2.600678464034 0 72 11757 20736
3,69,72 2.451047141807 6 96 11799 20736
6,26,48 2.549517391702 0 72 11597 20736
9,18,144 1.960837713445 4 16 11799 20736
6,54,144 2.614450284594 0 24 11799 20736
3,102,144 1.960837713445 12 48 11799 20736
18,8,16 2.480589293080 0 72 11371 20736
12,120,144 2.614450284594 0 12 11799 20736
3,0,48 1.960837713445 36 144 11799 20736
2,56,144 2.475259343579 0 72 11353 20736
1,136,144 1.759569802315 47 144 11792 20736
1,104,144 1.941257003854 36 144 11719 20736
6,3,72 1.960837713445 12 48 11799 20736
3,15,48 2.451047141807 9 144 11799 20736
4,44,48 2.608530256234 0 108 11781 20736
2,16,72 2.592873798470 0 144 11733 20736
3,60,144 1.960837713445 12 48 11799 20736
48,8,24 2.614450284594 0 18 11799 20736
36,3,12 1.960837713445 12 48 11799 20736
3,51,72 2.451047141807 6 96 11799 20736
3,3,144 2.451047141807 3 48 11799 20736
6,36,72 2.614450284594 0 48 11799 20736
144,0,48 2.614450284594 0 3 11799 20736
18,4,16 2.480589293080 0 72 11371 20736
2,34,48 2.527145855900 0 216 11525 20736
8,4,12 2.608530256234 0 216 11781 20736
2,20,72 2.475259343579 0 144 11353 20736
2,84,144 2.461449634296 0 72 11306 20736
8,40,144 2.614450284594 0 18 11799 20736
24,2,6 2.430008353154 0 144 11197 20736
4,30,36 2.385833011939 0 144 11039 20736
3,45,72 2.451047141807 6 96 11799 20736
24,4,6 2.430008353154 0 144 11197 20736
8,104,144 2.614450284594 0 18 11799 20736
18,126,144 2.614450284594 0 8 11799 20736
9,45,48 2.451047141807 3 48 11799 20736
144,0,72 2.614450284594 0 2 11799 20736
18,36,72 2.614450284594 0 16 11799 20736
8,4,8 2.596770266980 0 324 11745 20736
48,32,48 2.614450284594 0 9 11799 20736
6,30,72 2.614450284594 0 48 11799 20736
2,98,144 2.608530256234 0 72 11781 20736
36,36,48 2.614450284594 0 12 11799 20736
6,22,24 2.550458137851 0 144 11600 20736
6,138,144 2.614450284594 0 24 11799 20736
9,90,144 1.960837713445 4 16 11799 20736
18,0,9 1.879136142052 36 128 11799 20736
8,24,72 2.604271326490 0 36 11768 20736
72,0,3 1.960837713445 24 96 11799 20736
144,0,9 1.960837713445 4 16 11799 20736
48,96,144 2.614450284594 0 3 11799 20736
16,40,72 2.614450284594 0 18 11799 20736
16,0,72 2.604271326490 0 18 11768 20736
3,105,144 2.451047141807 3 48 11799 20736
72,0,8 2.614450284594 0 36 11799 20736
3,87,144 2.451047141807 3 48 11799 20736
9,117,144 2.451047141807 1 16 11799 20736
4,20,72 2.608530256234 0 72 11781 20736
9,18,48 1.960837713445 12 48 11799 20736
8,10,12 2.519469511697 0 216 11500 20736
24,0,36 2.614450284594 0 24 11799 20736
3,48,144 1.960837713445 12 48 11799 20736
3,30,144 1.960837713445 12 48 11799 20736
6,8,48 2.480589293080 0 72 11371 20736
6,0,3 1.879136142052 324 1152 11799 20736
2,46,72 2.527145855900 0 144 11525 20736
3,15,24 2.451047141807 18 288 11799 20736
8,136,144 2.614450284594 0 18 11799 20736
4,52,144 2.614450284594 0 36 11799 20736
2,2,72 2.608530256234 0 144 11781 20736
48,48,144 2.614450284594 0 3 11799 20736
4,26,36 2.519469511697 0 144 11500 20736
1,116,144 1.941257003854 36 144 11719 20736
3,63,72 2.451047141807 6 96 11799 20736
6,12,144 2.614450284594 0 24 11799 20736
18,90,144 2.614450284594 0 8 11799 20736
144,0,144 2.614450284594 0 1 11799 20736
12,44,48 2.600678464034 0 36 11757 20736
8,4,36 2.608530256234 0 72 11781 20736
72,0,36 2.614450284594 0 8 11799 20736
2,94,144 2.527145855900 0 72 11525 20736
6,15,24 1.960837713445 36 144 11799 20736
4,4,8 2.600678464034 0 648 11757 20736
6,32,48 2.480589293080 0 72 11371 20736
3,108,144 1.960837713445 12 48 11799 20736
6,66,144 2.614450284594 0 24 11799 20736
8,96,144 2.604271326490 0 18 11768 20736
12,9,36 1.960837713445 12 48 11799 20736
3,111,144 2.451047141807 3 48 11799 20736
18,0,144 2.614450284594 0 8 11799 20736
6,48,144 2.614450284594 0 24 11799 20736
3,12,72 1.960837713445 24 96 11799 20736
6,8,12 2.480589293080 0 288 11371 20736
72,12,24 2.614450284594 0 12 11799 20736
18,9,24 1.960837713445 12 48 11799 20736
18,18,144 2.614450284594 0 8 11799 20736
24,6,9 1.960837713445 24 96 11799 20736
18,30,48 2.614450284594 0 24 11799 20736
18,0,16 2.480589293080 0 72 11371 20736
1,44,72 1.941257003854 72 288 11719 20736
4,66,72 2.385833011939 0 72 11039 20736
8,12,72 2.596770266980 0 36 11745 20736
8,56,144 2.614450284594 0 18 11799 20736
6,27,36 1.960837713445 24 96 11799 20736
16,16,18 2.475259343579 0 72 11353 20736
8,32,144 2.614450284594 0 18 11799 20736
8,22,36 2.519469511697 0 72 11500 20736
16,32,36 2.608530256234 0 36 11781 20736
2,74,144 2.608530256234 0 72 11781 20736
72,72,144 2.614450284594 0 2 11799 20736
48,0,36 2.614450284594 0 12 11799 20736
6,6,144 2.614450284594 0 24 11799 20736
18,12,48 2.614450284594 0 24 11799 20736
4,28,48 2.614450284594 0 108 11799 20736
6,42,72 2.614450284594 0 48 11799 20736
2,6,24 2.522227617419 0 432 11509 20736
16,128,144 2.614450284594 0 9 11799 20736
2,52,144 2.602963683033 0 72 11764 20736
16,48,72 2.604271326490 0 18 11768 20736
18,2,16 2.550458137851 0 72 11600 20736
16,48,144 2.604271326490 0 9 11768 20736
4,36,72 2.600678464034 0 72 11757 20736
8,2,18 2.475259343579 0 144 11353 20736
1,32,144 1.941257003854 36 144 11719 20736
72,24,48 2.614450284594 0 6 11799 20736
18,9,36 1.960837713445 8 32 11799 20736
2,22,72 2.527145855900 0 144 11525 20736
6,20,48 2.480589293080 0 72 11371 20736
1,78,144 1.739844430405 47 144 11702 20736
6,120,144 2.614450284594 0 24 11799 20736
6,72,144 2.614450284594 0 24 11799 20736
2,140,144 2.475259343579 0 72 11353 20736
2,46,48 2.527145855900 0 216 11525 20736
6,84,144 2.614450284594 0 24 11799 20736
8,80,144 2.614450284594 0 18 11799 20736
24,24,36 2.614450284594 0 24 11799 20736
9,54,144 1.960837713445 4 16 11799 20736
8,34,36 2.519469511697 0 72 11500 20736
4,2,12 2.519469511697 0 432 11500 20736
4,14,36 2.519469511697 0 144 11500 20736
24,6,36 2.614450284594 0 24 11799 20736
24,20,24 2.596770266980 0 36 11745 20736
9,27,144 2.451047141807 1 16 11799 20736
3,45,48 2.451047141807 9 144 11799 20736
2,82,144 2.527145855900 0 72 11525 20736
3,33,72 2.451047141807 6 96 11799 20736
4,100,144 2.614450284594 0 36 11799 20736
2,70,72 2.527145855900 0 144 11525 20736
16,112,144 2.614450284594 0 9 11799 20736
4,68,72 2.608530256234 0 72 11781 20736
18,12,24 2.614450284594 0 48 11799 20736
12,33,36 1.960837713445 12 48 11799 20736
3,51,144 2.451047141807 3 48 11799 20736
4,70,72 2.475259343579 0 72 11353 20736
9,18,72 1.960837713445 8 32 11799 20736
2,110,144 2.607874129828 0 72 11779 20736
16,0,18 2.385833011939 0 72 11039 20736
72,0,4 2.596770266980 0 72 11745 20736
24,32,48 2.614450284594 0 18 11799 20736
8,6,12 2.385833011939 0 216 11039 20736
8,10,36 2.519469511697 0 72 11500 20736
3,6,144 1.960837713445 12 48 11799 20736
2,66,72 2.526837904128 0 144 11524 20736
24,4,12 2.596770266980 0 72 11745 20736
9,0,144 1.960837713445 4 16 11799 20736
16,12,18 2.385833011939 0 72 11039 20736
3,21,144 2.451047141807 3 48 11799 20736
4,4,144 2.614450284594 0 36 11799 20736
48,16,24 2.614450284594 0 18 11799 20736
24,40,48 2.614450284594 0 18 11799 20736
2,68,144 2.475259343579 0 72 11353 20736
24,3,18 1.960837713445 12 48 11799 20736
18,36,48 2.614450284594 0 24 11799 20736
3,135,144 2.451047141807 3 48 11799 20736
8,60,72 2.596770266980 0 36 11745 20736
6,21,72 1.960837713445 12 48 11799 20736
8,4,18 2.519469511697 0 144 11500 20736
3,6,72 1.960837713445 24 96 11799 20736
2,104,144 2.475259343579 0 72 11353 20736
18,63,72 1.960837713445 4 16 11799 20736
24,8,24 2.614450284594 0 36 11799 20736
3,33,144 2.451047141807 3 48 11799 20736
1,40,144 1.759348174601 47 144 11791 20736
12,20,48 2.600678464034 0 36 11757 20736
72,0,12 2.614450284594 0 24 11799 20736
3,63,144 2.451047141807 3 48 11799 20736
6,9,36 1.960837713445 24 96 11799 20736
3,12,48 1.960837713445 36 144 11799 20736
3,42,144 1.960837713445 12 48 11799 20736
6,4,24 2.480589293080 0 144 11371 20736
2,76,144 2.602963683033 0 72 11764 20736
2,130,144 2.527145855900 0 72 11525 20736
18,36,144 2.614450284594 0 8 11799 20736
4,14,72 2.519469511697 0 72 11500 20736
8,52,72 2.608530256234 0 36 11781 20736
2,20,144 2.475259343579 0 72 11353 20736
12,9,12 1.960837713445 36 144 11799 20736
4,20,144 2.608530256234 0 36 11781 20736
48,8,12 2.596770266980 0 36 11745 20736
24,8,48 2.614450284594 0 18 11799 20736
6,24,72 2.614450284594 0 48 11799 20736
144,0,12 2.614450284594 0 12 11799 20736
2,62,72 2.607874129828 0 144 11779 20736
24,8,12 2.596770266980 0 72 11745 20736
16,56,72 2.614450284594 0 18 11799 20736
16,10,18 2.475259343579 0 72 11353 20736
12,15,18 1.960837713445 24 96 11799 20736
72,0,16 2.614450284594 0 18 11799 20736
6,30,144 2.614450284594 0 24 11799 20736
24,2,12 2.430008353154 0 72 11197 20736
48,0,72 2.614450284594 0 6 11799 20736
3,129,144 2.451047141807 3 48 11799 20736
8,48,72 2.604271326490 0 36 11768 20736
9,81,144 2.451047141807 1 16 11799 20736
1,110,144 1.940288228619 36 144 11715 20736
3,15,144 2.451047141807 3 48 11799 20736
48,3,9 1.960837713445 12 48 11799 20736
4,22,24 2.475259343579 0 216 11353 20736
18,10,16 2.550458137851 0 72 11600 20736
6,3,9 1.879136142052 108 384 11799 20736
3,138,144 1.960837713445 12 48 11799 20736
3,69,144 2.451047141807 3 48 11799 20736
1,87,144 1.842554396492 37 144 11368 20736
16,14,18 2.519469511697 0 72 11500 20736
16,6,18 2.385833011939 0 72 11039 20736
24,12,36 2.614450284594 0 24 11799 20736
9,36,144 1.960837713445 4 16 11799 20736
2,6,144 2.522227617419 0 72 11509 20736
2,88,144 2.592873798470 0 72 11733 20736
2,66,144 2.526837904128 0 72 11524 20736
8,32,36 2.612473958412 0 72 11793 20736
8,40,72 2.614450284594 0 36 11799 20736
8,112,144 2.614450284594 0 18 11799 20736
2,26,144 2.608530256234 0 72 11781 20736
8,8,72 2.614450284594 0 36 11799 20736
16,4,18 2.475259343579 0 72 11353 20736
2,24,72 2.435145004805 0 144 11215 20736
72,3,6 1.960837713445 12 48 11799 20736
72,0,144 2.614450284594 0 2 11799 20736
9,39,48 2.451047141807 3 48 11799 20736
24,2,4 2.430008353154 0 216 11197 20736
2,14,16 2.522227617419 0 648 11509 20736
4,42,72 2.385833011939 0 72 11039 20736
16,12,36 2.596770266980 0 36 11745 20736
144,0,8 2.614450284594 0 18 11799 20736
16,3,9 1.556703464206 48 144 10850 20736
2,65,72 1.759569802315 47 144 11792 20736
3,48,72 1.960837713445 24 96 11799 20736
3,12,144 1.960837713445 12 48 11799 20736
12,60,144 2.614450284594 0 12 11799 20736
48,24,36 2.614450284594 0 12 11799 20736
18,15,24 1.960837713445 12 48 11799 20736
4,68,144 2.608530256234 0 36 11781 20736
6,16,48 2.480589293080 0 72 11371 20736
6,42,144 2.614450284594 0 24 11799 20736
9,27,72 2.451047141807 2 32 11799 20736
18,21,24 1.960837713445 12 48 11799 20736
2,6,72 2.522227617419 0 144 11509 20736
8,64,72 2.614450284594 0 36 11799 20736
9,45,144 2.451047141807 1 16 11799 20736
4,76,144 2.614450284594 0 36 11799 20736
16,24,72 2.604271326490 0 18 11768 20736
3,3,48 2.451047141807 9 144 11799 20736
6,4,48 2.480589293080 0 72 11371 20736
2,10,72 2.527145855900 0 144 11525 20736
8,18,36 2.385833011939 0 72 11039 20736
18,42,48 2.614450284594 0 24 11799 20736
6,102,144 2.614450284594 0 24 11799 20736
24,12,72 2.614450284594 0 12 11799 20736
144,0,36 2.614450284594 0 4 11799 20736
9,0,24 1.960837713445 24 96 11799 20736
12,42,72 2.614450284594 0 24 11799 20736
2,26,72 2.608530256234 0 144 11781 20736
4,5,18 1.679238278859 96 288 11498 20736
72,0,2 2.430008353154 0 144 11197 20736
9,0,72 1.960837713445 8 32 11799 20736
18,0,3 1.879136142052 108 384 11799 20736
2,32,144 2.475259343579 0 72 11353 20736
6,36,144 2.614450284594 0 24 11799 20736
2,2,48 2.608530256234 0 216 11781 20736
3,57,72 2.451047141807 6 96 11799 20736
3,54,72 1.960837713445 24 96 11799 20736
24,15,18 1.960837713445 12 48 11799 20736
12,10,12 2.430008353154 0 144 11197 20736
16,4,36 2.612473958412 0 36 11793 20736
72,2,4 2.430008353154 0 72 11197 20736
1,43,72 2.168699583472 36 288 11364 20736
12,28,48 2.600678464034 0 36 11757 20736
3,26,48 1.754266101872 47 144 11768 20736
2,124,144 2.602963683033 0 72 11764 20736
8,28,72 2.608530256234 0 36 11781 20736
6,126,144 2.614450284594 0 24 11799 20736
4,6,8 2.385833011939 0 648 11039 20736
3,46,48 1.754266101872 47 144 11768 20736
16,0,36 2.596770266980 0 36 11745 20736
3,132,144 1.960837713445 12 48 11799 20736
4,92,144 2.608530256234 0 36 11781 20736
8,24,144 2.604271326490 0 18 11768 20736
36,9,36 1.960837713445 4 16 11799 20736
2,126,144 2.522227617419 0 72 11509 20736
24,4,24 2.596770266980 0 36 11745 20736
4,12,144 2.600678464034 0 36 11757 20736
72,9,18 1.960837713445 4 16 11799 20736
8,2,36 2.475259343579 0 72 11353 20736
4,58,72 2.475259343579 0 72 11353 20736
4,84,144 2.600678464034 0 36 11757 20736
2,118,144 2.527145855900 0 72 11525 20736
9,9,144 2.451047141807 1 16 11799 20736
4,2,8 2.385833011939 0 648 11039 20736
8,6,36 2.385833011939 0 72 11039 20736
6,38,48 2.550458137851 0 72 11600 20736
24,24,144 2.614450284594 0 6 11799 20736
2,34,144 2.527145855900 0 72 11525 20736
6,3,36 1.960837713445 24 96 11799 20736
2,16,36 2.592873798470 0 288 11733 20736
9,36,48 1.960837713445 12 48 11799 20736
2,96,144 2.435145004805 0 72 11215 20736
6,11,24 1.573895199346 48 144 10947 20736
2,12,144 2.461449634296 0 72 11306 20736
6,10,48 2.549517391702 0 72 11597 20736
1,2,144 1.940288228619 36 144 11715 20736
3,117,144 2.451047141807 3 48 11799 20736
6,69,72 1.960837713445 12 48 11799 20736
8,88,144 2.614450284594 0 18 11799 20736
6,90,144 2.614450284594 0 24 11799 20736
8,8,144 2.614450284594 0 18 11799 20736
2,92,144 2.475259343579 0 72 11353 20736
6,60,144 2.614450284594 0 24 11799 20736
2,30,72 2.522227617419 0 144 11509 20736
2,10,144 2.527145855900 0 72 11525 20736
9,108,144 1.960837713445 4 16 11799 20736
16,0,2 2.385833011939 0 648 11039 20736
9,126,144 1.960837713445 4 16 11799 20736
12,3,18 1.960837713445 24 96 11799 20736
4,12,16 2.600678464034 0 324 11757 20736
18,72,144 2.614450284594 0 8 11799 20736
9,6,48 1.960837713445 12 48 11799 20736
18,108,144 2.614450284594 0 8 11799 20736
8,64,144 2.614450284594 0 18 11799 20736
9,33,48 2.451047141807 3 48 11799 20736
9,63,144 2.451047141807 1 16 11799 20736
36,4,16 2.600678464034 0 36 11757 20736
24,9,18 1.960837713445 12 48 11799 20736
16,20,36 2.608530256234 0 36 11781 20736
9,9,48 2.451047141807 3 48 11799 20736
3,45,144 2.451047141807 3 48 11799 20736
8,8,36 2.612473958412 0 72 11793 20736
2,78,144 2.522227617419 0 72 11509 20736
4,116,144 2.608530256234 0 36 11781 20736
2,54,72 2.522227617419 0 144 11509 20736
8,12,18 2.385833011939 0 144 11039 20736
2,58,144 2.527145855900 0 72 11525 20736
24,24,72 2.614450284594 0 12 11799 20736
9,21,24 2.451047141807 6 96 11799 20736
6,57,72 1.960837713445 12 48 11799 20736
3,96,144 1.960837713445 12 48 11799 20736
3,78,144 1.960837713445 12 48 11799 20736
3,18,144 1.960837713445 12 48 11799 20736
24,96,144 2.614450284594 0 6 11799 20736
4,2,36 2.519469511697 0 144 11500 20736
48,4,6 2.430008353154 0 72 11197 20736
1,26,144 1.940288228619 36 144 11715 20736
6,6,9 1.879136142052 108 384 11799 20736
4,50,72 2.519469511697 0 72 11500 20736
3,75,144 2.451047141807 3 48 11799 20736
9,0,9 1.838285356355 76 256 11799 20736
16,0,9 1.556703464206 48 144 10850 20736
9,30,48 1.960837713445 12 48 11799 20736
3,123,144 2.451047141807 3 48 11799 20736
1,6,144 1.739844430405 47 144 11702 20736
6,33,36 1.960837713445 24 96 11799 20736
12,10,24 2.430008353154 0 72 11197 20736
12,15,36 1.960837713445 12 48 11799 20736
9,0,3 1.838285356355 228 768 11799 20736
1,29,144 1.981100379614 30 144 11444 20736
3,0,3 1.838285356355 684 2304 11799 20736
2,63,72 1.547294562621 48 144 10796 20736
4,4,16 2.600678464034 0 324 11757 20736
9,12,48 1.960837713445 12 48 11799 20736
2,62,144 2.607874129828 0 72 11779 20736
48,0,9 1.960837713445 12 48 11799 20736
2,34,72 2.527145855900 0 144 11525 20736
16,24,36 2.596770266980 0 36 11745 20736
16,16,36 2.612473958412 0 36 11793 20736
1,21,144 1.971346308481 30 144 11403 20736
18,9,12 1.960837713445 24 96 11799 20736
6,19,24 1.573895199346 48 144 10947 20736
2,25,72 1.679238278859 48 144 11498 20736
3,93,144 2.451047141807 3 48 11799 20736
4,10,72 2.475259343579 0 72 11353 20736
3,90,144 1.960837713445 12 48 11799 20736
48,12,36 2.614450284594 0 12 11799 20736
3,3,9 1.838285356355 228 768 11799 20736
9,42,48 1.960837713445 12 48 11799 20736
8,26,36 2.475259343579 0 72 11353 20736
2,138,144 2.526837904128 0 72 11524 20736
9,3,8 1.859774531038 72 288 11368 20736
1,101,144 1.981100379614 30 144 11444 20736
2,46,144 2.527145855900 0 72 11525 20736
12,27,36 1.960837713445 12 48 11799 20736
18,18,48 2.614450284594 0 24 11799 20736
3,39,72 2.451047141807 6 96 11799 20736
2,50,144 2.608530256234 0 72 11781 20736
2,14,72 2.607874129828 0 144 11779 20736
72,4,8 2.596770266980 0 36 11745 20736
6,63,72 1.960837713445 12 48 11799 20736
4,132,144 2.600678464034 0 36 11757 20736
2,30,144 2.522227617419 0 72 11509 20736
12,22,24 2.430008353154 0 72 11197 20736
144,0,2 2.430008353154 0 72 11197 20736
2,61,72 1.679238278859 48 144 11498 20736
36,4,8 2.600678464034 0 72 11757 20736
9,5,8 1.998465116460 60 288 11516 20736
18,24,48 2.614450284594 0 24 11799 20736
2,106,144 2.527145855900 0 72 11525 20736
4,2,4 2.385833011939 0 1296 11039 20736
1,99,144 1.842554396492 37 144 11368 20736
4,33,36 1.556703464206 48 144 10850 20736
16,28,36 2.612473958412 0 36 11793 20736
18,6,8 2.549517391702 0 144 11597 20736
1,97,144 2.241299400245 18 144 11635 20736
24,10,12 2.430008353154 0 72 11197 20736
2,42,144 2.526837904128 0 72 11524 20736
2,22,144 2.527145855900 0 72 11525 20736
12,21,36 1.960837713445 12 48 11799 20736
12,2,24 2.430008353154 0 72 11197 20736
3,11,48 1.994822405394 30 144 11501 20736
1,41,144 1.978950982387 30 144 11435 20736
3,0,9 1.838285356355 228 768 11799 20736
4,46,72 2.475259343579 0 72 11353 20736
8,14,36 2.475259343579 0 72 11353 20736
3,35,48 1.994822405394 30 144 11501 20736
6,15,72 1.960837713445 12 48 11799 20736
3,19,48 1.994822405394 30 144 11501 20736
8,20,72 2.612473958412 0 36 11793 20736
3,1,48 1.859774531038 36 144 11368 20736
3,6,9 1.838285356355 228 768 11799 20736
1,137,144 1.978950982387 30 144 11435 20736
2,2,144 2.608530256234 0 72 11781 20736
3,99,144 2.451047141807 3 48 11799 20736
2,53,72 1.759348174601 47 144 11791 20736
144,0,4 2.596770266980 0 36 11745 20736
6,13,24 1.573895199346 48 144 10947 20736
8,3,18 1.556703464206 48 144 10850 20736
18,2,8 2.550458137851 0 144 11600 20736
8,2,4 2.385833011939 0 648 11039 20736
12,5,12 1.586903636930 48 144 11019 20736
2,38,144 2.607874129828 0 72 11779 20736
48,1,3 1.586903636930 48 144 11019 20736
6,14,24 2.550458137851 0 144 11600 20736
8,1,18 1.679238278859 48 144 11498 20736
6,14,48 2.550458137851 0 72 11600 20736
1,65,72 1.978950982387 60 288 11435 20736
1,11,144 1.951891394176 30 144 11320 20736
4,15,36 1.556703464206 48 144 10850 20736
3,13,48 1.859774531038 36 144 11368 20736
2,5,72 1.759348174601 47 144 11791 20736
18,5,8 1.573895199346 48 144 10947 20736
6,0,9 1.879136142052 108 384 11799 20736
2,86,144 2.607874129828 0 72 11779 20736
2,55,72 1.679238278859 48 144 11498 20736
144,0,1 1.586903636930 48 144 11019 20736
72,1,2 1.586903636930 48 144 11019 20736
2,14,144 2.607874129828 0 72 11779 20736
1,59,144 1.944492877774 30 144 11288 20736
1,43,144 2.169477517498 18 144 11367 20736
8,3,9 1.556703464206 96 288 10850 20736
18,3,8 1.573895199346 48 144 10947 20736
1,135,144 1.842554396492 37 144 11368 20736
1,7,144 2.169477517498 18 144 11367 20736
8,30,36 2.385833011939 0 72 11039 20736
4,13,36 1.759348174601 47 144 11791 20736
2,21,72 1.547294562621 48 144 10796 20736
6,22,48 2.550458137851 0 72 11600 20736
2,45,72 1.547294562621 48 144 10796 20736
1,111,144 1.842554396492 37 144 11368 20736
4,25,36 1.759348174601 47 144 11791 20736
1,91,144 2.169477517498 18 144 11367 20736
