1,0,12 570 1728 11358 20736 1
1,0,144 47 144 11702 20736 1
1,0,16 423 1296 11644 20736 1
1,0,18 412 1152 11225 20736 1
1,0,2 3804 10368 11100 20736 1
1,0,24 282 864 11686 20736 1
1,0,3 3321 6912 11289 20736 1
1,0,36 188 576 11433 20736 1
1,0,4 1692 5184 11307 20736 1
1,0,48 141 432 11686 20736 1
1,0,6 1236 3456 11100 20736 1
1,0,72 94 288 11702 20736 1
1,0,8 846 2592 11644 20736 1
1,0,9 1076 2304 11244 20736 1
1,1,12 216 1728 11635 20736 4
1,1,144 18 144 11635 20736 4
1,1,16 333 1296 11309 20736 4
1,1,18 172 1152 11353 20736 2
1,1,2 2772 10368 10512 20736 2
1,1,24 108 864 11635 20736 4
1,1,3 2988 6912 11680 20736 1
1,1,36 72 576 11635 20736 4
1,1,4 1332 5184 11309 20736 4
1,1,48 54 432 11635 20736 4
1,1,6 516 3456 11353 20736 2
1,1,72 36 288 11635 20736 4
1,1,8 666 2592 11309 20736 4
1,1,9 990 2304 11783 20736 1
1,10,12 564 1728 11764 20736 1
1,10,144 47 144 11791 20736 1
1,10,16 423 1296 11609 20736 1
1,10,18 412 1152 11719 20736 1
1,10,24 282 864 11790 20736 1
1,10,36 188 576 11791 20736 1
1,10,48 141 432 11790 20736 1
1,10,72 94 288 11791 20736 1
1,100,144 47 144 11792 20736 1
1,101,144 30 144 11444 20736 4
1,102,144 47 144 11702 20736 1
1,103,144 18 144 11367 20736 2
1,104,144 36 144 11719 20736 1
1,105,144 30 144 11385 20736 4
1,106,144 47 144 11791 20736 1
1,107,144 30 144 11288 20736 2
1,108,144 47 144 11702 20736 1
1,109,144 18 144 11637 20736 4
1,11,12 360 1728 11288 20736 2
1,11,144 30 144 11320 20736 2
1,11,16 348 1296 10732 20736 2
1,11,18 240 1152 11294 20736 2
1,11,24 180 864 11288 20736 2
1,11,36 120 576 11320 20736 2
1,11,48 90 432 11288 20736 2
1,11,72 60 288 11320 20736 2
1,110,144 36 144 11715 20736 1
1,111,144 37 144 11368 20736 2
1,112,144 47 144 11791 20736 1
1,113,144 30 144 11435 20736 4
1,114,144 47 144 11702 20736 1
1,115,144 18 144 11367 20736 2
1,116,144 36 144 11719 20736 1
1,117,144 30 144 11403 20736 4
1,118,144 47 144 11791 20736 1
1,119,144 30 144 11320 20736 2
1,12,144 47 144 11702 20736 1
1,12,16 423 1296 11644 20736 1
1,12,18 412 1152 11225 20736 1
1,12,24 282 864 11686 20736 1
1,12,36 188 576 11433 20736 1
1,12,48 141 432 11686 20736 1
1,12,72 94 288 11702 20736 1
1,120,144 47 144 11702 20736 1
1,121,144 18 144 11635 20736 4
1,122,144 36 144 11715 20736 1
1,123,144 37 144 11368 20736 2
1,124,144 47 144 11791 20736 1
1,125,144 30 144 11444 20736 4
1,126,144 47 144 11702 20736 1
1,127,144 18 144 11367 20736 2
1,128,144 36 144 11724 20736 1
1,129,144 30 144 11385 20736 4
1,13,144 18 144 11637 20736 4
1,13,16 333 1296 11336 20736 4
1,13,18 172 1152 11353 20736 2
1,13,24 108 864 11637 20736 4
1,13,36 72 576 11635 20736 4
1,13,48 54 432 11637 20736 4
1,13,72 36 288 11637 20736 4
1,130,144 47 144 11791 20736 1
1,131,144 30 144 11288 20736 2
1,132,144 47 144 11702 20736 1
1,133,144 18 144 11637 20736 4
1,134,144 36 144 11715 20736 1
1,135,144 37 144 11368 20736 2
1,136,144 47 144 11792 20736 1
1,137,144 30 144 11435 20736 4
1,138,144 47 144 11702 20736 1
1,139,144 18 144 11367 20736 2
1,14,144 36 144 11715 20736 1
1,14,16 423 1296 11609 20736 1
1,14,18 304 1152 11473 20736 1
1,14,24 216 864 11682 20736 1
1,14,36 144 576 11682 20736 1
1,14,48 108 432 11715 20736 1
1,14,72 72 288 11682 20736 1
1,140,144 36 144 11719 20736 1
1,141,144 30 144 11403 20736 4
1,142,144 47 144 11791 20736 1
1,143,144 30 144 11288 20736 2
1,15,144 37 144 11368 20736 2
1,15,16 348 1296 10733 20736 2
1,15,18 292 1152 11202 20736 2
1,15,24 216 864 11269 20736 2
1,15,36 148 576 11368 20736 2
1,15,48 108 432 11269 20736 2
1,15,72 74 288 11368 20736 2
1,16,144 47 144 11791 20736 1
1,16,18 412 1152 11719 20736 1
1,16,24 282 864 11790 20736 1
1,16,36 188 576 11791 20736 1
1,16,48 141 432 11790 20736 1
1,16,72 94 288 11791 20736 1
1,17,144 30 144 11435 20736 4
1,17,18 240 1152 11258 20736 2
1,17,24 180 864 11435 20736 4
1,17,36 120 576 11435 20736 4
1,17,48 90 432 11435 20736 4
1,17,72 60 288 11435 20736 4
1,18,144 47 144 11702 20736 1
1,18,24 282 864 11647 20736 1
1,18,36 188 576 11632 20736 1
1,18,48 141 432 11650 20736 1
1,18,72 94 288 11702 20736 1
1,19,144 18 144 11367 20736 2
1,19,24 108 864 11364 20736 2
1,19,36 72 576 11364 20736 2
1,19,48 54 432 11367 20736 2
1,19,72 36 288 11364 20736 2
1,2,12 432 1728 11682 20736 1
1,2,144 36 144 11715 20736 1
1,2,16 423 1296 11609 20736 1
1,2,18 304 1152 11473 20736 1
1,2,24 216 864 11715 20736 1
1,2,3 2964 6912 11493 20736 1
1,2,36 144 576 11682 20736 1
1,2,4 1692 5184 11480 20736 1
1,2,48 108 432 11715 20736 1
1,2,6 912 3456 11473 20736 1
1,2,72 72 288 11715 20736 1
1,2,8 846 2592 11609 20736 1
1,2,9 972 2304 11431 20736 1
1,20,144 36 144 11724 20736 1
1,20,24 216 864 11719 20736 1
1,20,36 144 576 11555 20736 1
1,20,48 108 432 11719 20736 1
1,20,72 72 288 11724 20736 1
1,21,144 30 144 11403 20736 4
1,21,24 180 864 11403 20736 4
1,21,36 120 576 11385 20736 4
1,21,48 90 432 11403 20736 4
1,21,72 60 288 11403 20736 4
1,22,144 47 144 11791 20736 1
1,22,24 282 864 11790 20736 1
1,22,36 188 576 11791 20736 1
1,22,48 141 432 11790 20736 1
1,22,72 94 288 11791 20736 1
1,23,144 30 144 11288 20736 2
1,23,24 180 864 11288 20736 2
1,23,36 120 576 11288 20736 2
1,23,48 90 432 11288 20736 2
1,23,72 60 288 11288 20736 2
1,24,144 47 144 11702 20736 1
1,24,36 188 576 11433 20736 1
1,24,48 141 432 11686 20736 1
1,24,72 94 288 11702 20736 1
1,25,144 18 144 11635 20736 4
1,25,36 72 576 11635 20736 4
1,25,48 54 432 11635 20736 4
1,25,72 36 288 11635 20736 4
1,26,144 36 144 11715 20736 1
1,26,36 144 576 11682 20736 1
1,26,48 108 432 11715 20736 1
1,26,72 72 288 11715 20736 1
1,27,144 37 144 11368 20736 2
1,27,36 148 576 11368 20736 2
1,27,48 108 432 11269 20736 2
1,27,72 74 288 11368 20736 2
1,28,144 47 144 11792 20736 1
1,28,36 188 576 11791 20736 1
1,28,48 141 432 11790 20736 1
1,28,72 94 288 11792 20736 1
1,29,144 30 144 11444 20736 4
1,29,36 120 576 11435 20736 4
1,29,48 90 432 11444 20736 4
1,29,72 60 288 11444 20736 4
1,3,12 432 1728 11268 20736 2
1,3,144 37 144 11368 20736 2
1,3,16 348 1296 10732 20736 2
1,3,18 292 1152 11202 20736 2
1,3,24 216 864 11269 20736 2
1,3,36 148 576 11368 20736 2
1,3,4 1392 5184 10732 20736 2
1,3,48 108 432 11269 20736 2
1,3,6 876 3456 11202 20736 2
1,3,72 74 288 11368 20736 2
1,3,8 696 2592 10732 20736 2
1,3,9 1076 2304 11244 20736 1
1,30,144 47 144 11702 20736 1
1,30,36 188 576 11632 20736 1
1,30,48 141 432 11647 20736 1
1,30,72 94 288 11632 20736 1
1,31,144 18 144 11367 20736 2
1,31,36 72 576 11364 20736 2
1,31,48 54 432 11367 20736 2
1,31,72 36 288 11367 20736 2
1,32,144 36 144 11719 20736 1
1,32,36 144 576 11553 20736 1
1,32,48 108 432 11719 20736 1
1,32,72 72 288 11719 20736 1
1,33,144 30 144 11385 20736 4
1,33,36 120 576 11385 20736 4
1,33,48 90 432 11385 20736 4
1,33,72 60 288 11385 20736 4
1,34,144 47 144 11791 20736 1
1,34,36 188 576 11791 20736 1
1,34,48 141 432 11790 20736 1
1,34,72 94 288 11791 20736 1
1,35,144 30 144 11288 20736 2
1,35,36 120 576 11288 20736 2
1,35,48 90 432 11288 20736 2
1,35,72 60 288 11288 20736 2
1,36,144 47 144 11702 20736 1
1,36,48 141 432 11686 20736 1
1,36,72 94 288 11702 20736 1
1,37,144 18 144 11637 20736 4
1,37,48 54 432 11637 20736 4
1,37,72 36 288 11637 20736 4
1,38,144 36 144 11715 20736 1
1,38,48 108 432 11715 20736 1
1,38,72 72 288 11682 20736 1
1,39,144 37 144 11368 20736 2
1,39,48 108 432 11269 20736 2
1,39,72 74 288 11368 20736 2
1,4,12 564 1728 11764 20736 1
1,4,144 47 144 11791 20736 1
1,4,16 423 1296 11644 20736 1
1,4,18 412 1152 11719 20736 1
1,4,24 282 864 11790 20736 1
1,4,36 188 576 11791 20736 1
1,4,48 141 432 11790 20736 1
1,4,6 1236 3456 11692 20736 1
1,4,72 94 288 11791 20736 1
1,4,8 846 2592 11644 20736 1
1,4,9 990 2304 11783 20736 1
1,40,144 47 144 11791 20736 1
1,40,48 141 432 11790 20736 1
1,40,72 94 288 11791 20736 1
1,41,144 30 144 11435 20736 4
1,41,48 90 432 11435 20736 4
1,41,72 60 288 11435 20736 4
1,42,144 47 144 11702 20736 1
1,42,48 141 432 11647 20736 1
1,42,72 94 288 11702 20736 1
1,43,144 18 144 11367 20736 2
1,43,48 54 432 11367 20736 2
1,43,72 36 288 11364 20736 2
1,44,144 36 144 11719 20736 1
1,44,48 108 432 11719 20736 1
1,44,72 72 288 11719 20736 1
1,45,144 30 144 11403 20736 4
1,45,48 90 432 11403 20736 4
1,45,72 60 288 11403 20736 4
1,46,144 47 144 11791 20736 1
1,46,48 141 432 11790 20736 1
1,46,72 94 288 11791 20736 1
1,47,144 30 144 11320 20736 2
1,47,48 90 432 11288 20736 2
1,47,72 60 288 11320 20736 2
1,48,144 47 144 11702 20736 1
1,48,72 94 288 11702 20736 1
1,49,144 18 144 11635 20736 4
1,49,72 36 288 11635 20736 4
1,5,12 360 1728 11435 20736 4
1,5,144 30 144 11444 20736 4
1,5,16 333 1296 11336 20736 4
1,5,18 240 1152 11258 20736 2
1,5,24 180 864 11444 20736 4
1,5,36 120 576 11435 20736 4
1,5,48 90 432 11444 20736 4
1,5,6 720 3456 11258 20736 2
1,5,72 60 288 11444 20736 4
1,5,8 666 2592 11336 20736 4
1,5,9 984 2304 11471 20736 1
1,50,144 36 144 11715 20736 1
1,50,72 72 288 11715 20736 1
1,51,144 37 144 11368 20736 2
1,51,72 74 288 11368 20736 2
1,52,144 47 144 11791 20736 1
1,52,72 94 288 11791 20736 1
1,53,144 30 144 11444 20736 4
1,53,72 60 288 11444 20736 4
1,54,144 47 144 11702 20736 1
1,54,72 94 288 11632 20736 1
1,55,144 18 144 11367 20736 2
1,55,72 36 288 11367 20736 2
1,56,144 36 144 11724 20736 1
1,56,72 72 288 11724 20736 1
1,57,144 30 144 11385 20736 4
1,57,72 60 288 11385 20736 4
1,58,144 47 144 11791 20736 1
1,58,72 94 288 11791 20736 1
1,59,144 30 144 11288 20736 2
1,59,72 60 288 11288 20736 2
1,6,12 564 1728 11480 20736 1
1,6,144 47 144 11702 20736 1
1,6,16 423 1296 11609 20736 1
1,6,18 412 1152 11225 20736 1
1,6,24 282 864 11515 20736 1
1,6,36 188 576 11632 20736 1
1,6,48 141 432 11647 20736 1
1,6,72 94 288 11632 20736 1
1,6,8 846 2592 11480 20736 1
1,6,9 1076 2304 11244 20736 1
1,60,144 47 144 11702 20736 1
1,60,72 94 288 11702 20736 1
1,61,144 18 144 11637 20736 4
1,61,72 36 288 11637 20736 4
1,62,144 36 144 11715 20736 1
1,62,72 72 288 11682 20736 1
1,63,144 37 144 11368 20736 2
1,63,72 74 288 11368 20736 2
1,64,144 47 144 11792 20736 1
1,64,72 94 288 11792 20736 1
1,65,144 30 144 11435 20736 4
1,65,72 60 288 11435 20736 4
1,66,144 47 144 11702 20736 1
1,66,72 94 288 11702 20736 1
1,67,144 18 144 11367 20736 2
1,67,72 36 288 11364 20736 2
1,68,144 36 144 11719 20736 1
1,68,72 72 288 11719 20736 1
1,69,144 30 144 11403 20736 4
1,69,72 60 288 11403 20736 4
1,7,12 216 1728 11364 20736 2
1,7,144 18 144 11367 20736 2
1,7,16 348 1296 10733 20736 2
1,7,18 172 1152 11353 20736 2
1,7,24 108 864 11367 20736 2
1,7,36 72 576 11364 20736 2
1,7,48 54 432 11367 20736 2
1,7,72 36 288 11367 20736 2
1,7,8 696 2592 10733 20736 2
1,7,9 990 2304 11783 20736 1
1,70,144 47 144 11791 20736 1
1,70,72 94 288 11791 20736 1
1,71,144 30 144 11288 20736 2
1,71,72 60 288 11288 20736 2
1,72,144 47 144 11702 20736 1
1,73,144 18 144 11635 20736 4
1,74,144 36 144 11715 20736 1
1,75,144 37 144 11368 20736 2
1,76,144 47 144 11791 20736 1
1,77,144 30 144 11444 20736 4
1,78,144 47 144 11702 20736 1
1,79,144 18 144 11367 20736 2
1,8,12 432 1728 11553 20736 1
1,8,144 36 144 11719 20736 1
1,8,16 423 1296 11644 20736 1
1,8,18 304 1152 11473 20736 1
1,8,24 216 864 11719 20736 1
1,8,36 144 576 11553 20736 1
1,8,48 108 432 11719 20736 1
1,8,72 72 288 11719 20736 1
1,8,9 984 2304 11471 20736 1
1,80,144 36 144 11719 20736 1
1,81,144 30 144 11385 20736 4
1,82,144 47 144 11791 20736 1
1,83,144 30 144 11320 20736 2
1,84,144 47 144 11702 20736 1
1,85,144 18 144 11637 20736 4
1,86,144 36 144 11715 20736 1
1,87,144 37 144 11368 20736 2
1,88,144 47 144 11791 20736 1
1,89,144 30 144 11435 20736 4
1,9,12 360 1728 11385 20736 4
1,9,144 30 144 11385 20736 4
1,9,16 333 1296 11309 20736 4
1,9,18 292 1152 11202 20736 2
1,9,24 180 864 11385 20736 4
1,9,36 120 576 11385 20736 4
1,9,48 90 432 11385 20736 4
1,9,72 60 288 11385 20736 4
1,90,144 47 144 11702 20736 1
1,91,144 18 144 11367 20736 2
1,92,144 36 144 11724 20736 1
1,93,144 30 144 11403 20736 4
1,94,144 47 144 11791 20736 1
1,95,144 30 144 11288 20736 2
1,96,144 47 144 11702 20736 1
1,97,144 18 144 11635 20736 4
1,98,144 36 144 11715 20736 1
1,99,144 37 144 11368 20736 2
12,0,1 576 1728 11019 20736 1
12,0,12 0 144 11799 20736 4
12,0,144 0 12 11799 20736 4
12,0,16 0 108 11793 20736 4
12,0,18 0 96 11799 20736 2
12,0,2 0 864 11197 20736 2
12,0,24 0 72 11799 20736 4
12,0,3 144 576 11799 20736 1
12,0,36 0 48 11799 20736 4
12,0,4 0 432 11745 20736 4
12,0,48 0 36 11799 20736 4
12,0,6 0 288 11799 20736 2
12,0,72 0 24 11799 20736 4
12,0,8 0 216 11793 20736 4
12,0,9 48 192 11799 20736 1
12,1,12 48 144 11019 20736 1
12,1,2 288 864 11019 20736 1
12,1,3 192 576 11019 20736 1
12,1,4 144 432 11019 20736 1
12,1,6 96 288 11019 20736 1
12,10,12 0 144 11197 20736 2
12,10,24 0 72 11197 20736 2
12,108,144 0 12 11799 20736 4
12,11,12 48 144 11019 20736 1
12,12,144 0 12 11799 20736 4
12,12,16 0 108 11757 20736 4
12,12,18 0 96 11799 20736 2
12,12,24 0 72 11799 20736 4
12,12,36 0 48 11799 20736 4
12,12,48 0 36 11799 20736 4
12,12,72 0 24 11799 20736 4
12,120,144 0 12 11799 20736 4
12,132,144 0 12 11799 20736 4
12,14,24 0 72 11197 20736 2
12,15,18 24 96 11799 20736 1
12,15,36 12 48 11799 20736 1
12,16,24 0 72 11793 20736 4
12,16,48 0 36 11793 20736 4
12,18,24 0 72 11799 20736 2
12,18,36 0 48 11799 20736 2
12,18,72 0 24 11799 20736 2
12,2,12 0 144 11197 20736 2
12,2,24 0 72 11197 20736 2
12,2,3 192 576 11019 20736 1
12,2,4 0 432 11197 20736 2
12,2,6 0 288 11197 20736 2
12,2,8 0 216 11197 20736 2
12,20,24 0 72 11757 20736 4
12,20,48 0 36 11757 20736 4
12,21,36 12 48 11799 20736 1
12,22,24 0 72 11197 20736 2
12,24,144 0 12 11799 20736 4
12,24,36 0 48 11799 20736 4
12,24,48 0 36 11799 20736 4
12,24,72 0 24 11799 20736 4
12,27,36 12 48 11799 20736 1
12,28,48 0 36 11757 20736 4
12,3,12 36 144 11799 20736 1
12,3,18 24 96 11799 20736 1
12,3,36 12 48 11799 20736 1
12,3,4 144 432 11019 20736 1
12,3,6 72 288 11799 20736 1
12,3,9 48 192 11799 20736 1
12,30,36 0 48 11799 20736 2
12,30,72 0 24 11799 20736 2
12,32,48 0 36 11793 20736 4
12,33,36 12 48 11799 20736 1
12,36,144 0 12 11799 20736 4
12,36,48 0 36 11799 20736 4
12,36,72 0 24 11799 20736 4
12,4,12 0 144 11745 20736 4
12,4,16 0 108 11757 20736 4
12,4,24 0 72 11757 20736 4
12,4,48 0 36 11757 20736 4
12,4,6 0 288 11197 20736 2
12,4,8 0 216 11757 20736 4
12,40,48 0 36 11793 20736 4
12,42,72 0 24 11799 20736 2
12,44,48 0 36 11757 20736 4
12,48,144 0 12 11799 20736 4
12,48,72 0 24 11799 20736 4
12,5,12 48 144 11019 20736 1
12,5,6 96 288 11019 20736 1
12,54,72 0 24 11799 20736 2
12,6,12 0 144 11799 20736 2
12,6,18 0 96 11799 20736 2
12,6,24 0 72 11799 20736 2
12,6,36 0 48 11799 20736 2
12,6,72 0 24 11799 20736 2
12,6,8 0 216 11197 20736 2
12,6,9 48 192 11799 20736 1
12,60,144 0 12 11799 20736 4
12,60,72 0 24 11799 20736 4
12,66,72 0 24 11799 20736 2
12,7,12 48 144 11019 20736 1
12,72,144 0 12 11799 20736 4
12,8,12 0 144 11745 20736 4
12,8,16 0 108 11793 20736 4
12,8,24 0 72 11793 20736 4
12,8,48 0 36 11793 20736 4
12,84,144 0 12 11799 20736 4
12,9,12 36 144 11799 20736 1
12,9,18 24 96 11799 20736 1
12,9,36 12 48 11799 20736 1
12,96,144 0 12 11799 20736 4
144,0,1 48 144 11019 20736 1
144,0,12 0 12 11799 20736 4
144,0,144 0 1 11799 20736 4
144,0,16 0 9 11799 20736 4
144,0,18 0 8 11799 20736 2
144,0,2 0 72 11197 20736 2
144,0,24 0 6 11799 20736 4
144,0,3 12 48 11799 20736 1
144,0,36 0 4 11799 20736 4
144,0,4 0 36 11745 20736 4
144,0,48 0 3 11799 20736 4
144,0,6 0 24 11799 20736 2
144,0,72 0 2 11799 20736 4
144,0,8 0 18 11799 20736 4
144,0,9 4 16 11799 20736 1
16,0,1 474 1296 10955 20736 1
16,0,12 0 108 11745 20736 4
16,0,144 0 9 11768 20736 4
16,0,16 0 81 11768 20736 4
16,0,18 0 72 11039 20736 2
16,0,2 0 648 11039 20736 2
16,0,24 0 54 11768 20736 4
16,0,3 144 432 10850 20736 1
16,0,36 0 36 11745 20736 4
16,0,4 0 324 11745 20736 4
16,0,48 0 27 11768 20736 4
16,0,6 0 216 11039 20736 2
16,0,72 0 18 11768 20736 4
16,0,8 0 162 11768 20736 4
16,0,9 48 144 10850 20736 1
16,1,3 141 432 11790 20736 1
16,1,9 47 144 11791 20736 1
16,10,18 0 72 11353 20736 2
16,112,144 0 9 11799 20736 4
16,12,18 0 72 11039 20736 2
16,12,36 0 36 11745 20736 4
16,128,144 0 9 11799 20736 4
16,14,18 0 72 11500 20736 2
16,16,144 0 9 11799 20736 4
16,16,18 0 72 11353 20736 2
16,16,24 0 54 11799 20736 4
16,16,36 0 36 11793 20736 4
16,16,48 0 27 11799 20736 4
16,16,72 0 18 11799 20736 4
16,2,18 0 72 11500 20736 2
16,2,3 144 432 11498 20736 1
16,2,6 0 216 11500 20736 2
16,2,9 48 144 11498 20736 1
16,20,36 0 36 11781 20736 4
16,24,36 0 36 11745 20736 4
16,24,72 0 18 11768 20736 4
16,28,36 0 36 11793 20736 4
16,3,9 48 144 10850 20736 1
16,32,144 0 9 11799 20736 4
16,32,36 0 36 11781 20736 4
16,32,48 0 27 11799 20736 4
16,32,72 0 18 11799 20736 4
16,4,12 0 108 11793 20736 4
16,4,18 0 72 11353 20736 2
16,4,36 0 36 11793 20736 4
16,4,6 0 216 11353 20736 2
16,4,9 47 144 11791 20736 1
16,40,72 0 18 11799 20736 4
16,48,144 0 9 11768 20736 4
16,48,72 0 18 11768 20736 4
16,5,9 48 144 11498 20736 1
16,56,72 0 18 11799 20736 4
16,6,18 0 72 11039 20736 2
16,6,9 48 144 10850 20736 1
16,64,144 0 9 11799 20736 4
16,64,72 0 18 11799 20736 4
16,7,9 47 144 11791 20736 1
16,8,12 0 108 11781 20736 4
16,8,18 0 72 11500 20736 2
16,8,24 0 54 11799 20736 4
16,8,36 0 36 11781 20736 4
16,8,72 0 18 11799 20736 4
16,8,9 48 144 11498 20736 1
16,80,144 0 9 11799 20736 4
16,96,144 0 9 11768 20736 4
18,0,1 408 1152 10887 20736 1
18,0,12 0 96 11799 20736 2
18,0,144 0 8 11799 20736 2
18,0,16 0 72 11371 20736 2
18,0,18 0 64 11799 20736 2
18,0,2 0 576 10993 20736 2
18,0,24 0 48 11799 20736 2
18,0,3 108 384 11799 20736 1
18,0,36 0 32 11799 20736 2
18,0,4 0 288 11371 20736 2
18,0,48 0 24 11799 20736 2
18,0,6 0 192 11799 20736 2
18,0,72 0 16 11799 20736 2
18,0,8 0 144 11371 20736 2
18,0,9 36 128 11799 20736 1
18,1,2 192 576 10947 20736 1
18,1,4 96 288 10947 20736 1
18,1,8 48 144 10947 20736 1
18,10,16 0 72 11600 20736 4
18,108,144 0 8 11799 20736 2
18,12,16 0 72 11371 20736 2
18,12,24 0 48 11799 20736 2
18,12,48 0 24 11799 20736 2
18,126,144 0 8 11799 20736 4
18,14,16 0 72 11597 20736 4
18,15,24 12 48 11799 20736 1
18,18,144 0 8 11799 20736 4
18,18,24 0 48 11799 20736 4
18,18,36 0 32 11799 20736 4
18,18,48 0 24 11799 20736 4
18,18,72 0 16 11799 20736 4
18,2,16 0 72 11600 20736 4
18,2,4 0 288 11597 20736 4
18,2,8 0 144 11600 20736 4
18,21,24 12 48 11799 20736 1
18,24,48 0 24 11799 20736 2
18,27,36 8 32 11799 20736 1
18,27,72 4 16 11799 20736 1
18,3,12 24 96 11799 20736 1
18,3,24 12 48 11799 20736 1
18,3,4 96 288 10947 20736 1
18,3,6 48 192 11799 20736 1
18,3,8 48 144 10947 20736 1
18,30,48 0 24 11799 20736 4
18,36,144 0 8 11799 20736 2
18,36,48 0 24 11799 20736 2
18,36,72 0 16 11799 20736 2
18,4,16 0 72 11371 20736 2
18,4,8 0 144 11371 20736 2
18,42,48 0 24 11799 20736 4
18,45,72 4 16 11799 20736 1
18,5,8 48 144 10947 20736 1
18,54,144 0 8 11799 20736 4
18,54,72 0 16 11799 20736 4
18,6,12 0 96 11799 20736 4
18,6,16 0 72 11597 20736 4
18,6,24 0 48 11799 20736 4
18,6,48 0 24 11799 20736 4
18,6,8 0 144 11597 20736 4
18,63,72 4 16 11799 20736 1
18,7,8 48 144 10947 20736 1
18,72,144 0 8 11799 20736 2
18,8,16 0 72 11371 20736 2
18,9,12 24 96 11799 20736 1
18,9,18 16 64 11799 20736 1
18,9,24 12 48 11799 20736 1
18,9,36 8 32 11799 20736 1
18,9,72 4 16 11799 20736 1
18,90,144 0 8 11799 20736 4
2,0,1 4017 10368 10751 20736 1
2,0,12 0 864 11215 20736 2
2,0,144 0 72 11215 20736 2
2,0,16 0 648 11215 20736 2
2,0,18 0 576 10751 20736 2
2,0,2 0 5184 10751 20736 2
2,0,24 0 432 11215 20736 2
2,0,3 1224 3456 10616 20736 1
2,0,36 0 288 11215 20736 2
2,0,4 0 2592 11215 20736 2
2,0,48 0 216 11215 20736 2
2,0,6 0 1728 10751 20736 2
2,0,72 0 144 11215 20736 2
2,0,8 0 1296 11215 20736 2
2,0,9 472 1152 11401 20736 1
2,1,12 288 864 11498 20736 1
2,1,18 192 576 11498 20736 1
2,1,2 1896 5184 10822 20736 1
2,1,24 144 432 11498 20736 1
2,1,3 1224 3456 11473 20736 1
2,1,36 96 288 11498 20736 1
2,1,4 948 2592 10822 20736 1
2,1,6 576 1728 11498 20736 1
2,1,72 48 144 11498 20736 1
2,1,8 474 1296 10822 20736 1
2,1,9 408 1152 11473 20736 1
2,10,12 0 864 11525 20736 4
2,10,144 0 72 11525 20736 4
2,10,16 0 648 11524 20736 4
2,10,18 0 576 11498 20736 2
2,10,24 0 432 11525 20736 4
2,10,36 0 288 11525 20736 4
2,10,48 0 216 11525 20736 4
2,10,72 0 144 11525 20736 4
2,100,144 0 72 11764 20736 2
2,102,144 0 72 11509 20736 4
2,104,144 0 72 11353 20736 2
2,106,144 0 72 11525 20736 4
2,108,144 0 72 11306 20736 2
2,11,12 282 864 11790 20736 1
2,11,18 188 576 11791 20736 1
2,11,24 141 432 11790 20736 1
2,11,36 94 288 11792 20736 1
2,11,72 47 144 11792 20736 1
2,110,144 0 72 11779 20736 4
2,112,144 0 72 11735 20736 2
2,114,144 0 72 11524 20736 4
2,116,144 0 72 11353 20736 2
2,118,144 0 72 11525 20736 4
2,12,144 0 72 11306 20736 2
2,12,16 0 648 11306 20736 2
2,12,18 0 576 10751 20736 2
2,12,24 0 432 11306 20736 2
2,12,36 0 288 11215 20736 2
2,12,48 0 216 11306 20736 2
2,12,72 0 144 11306 20736 2
2,120,144 0 72 11215 20736 2
2,122,144 0 72 11781 20736 4
2,124,144 0 72 11764 20736 2
2,126,144 0 72 11509 20736 4
2,128,144 0 72 11353 20736 2
2,13,18 192 576 11498 20736 1
2,13,24 144 432 11498 20736 1
2,13,36 96 288 11498 20736 1
2,13,72 48 144 11498 20736 1
2,130,144 0 72 11525 20736 4
2,132,144 0 72 11306 20736 2
2,134,144 0 72 11779 20736 4
2,136,144 0 72 11733 20736 2
2,138,144 0 72 11524 20736 4
2,14,144 0 72 11779 20736 4
2,14,16 0 648 11509 20736 4
2,14,18 0 576 11353 20736 2
2,14,24 0 432 11779 20736 4
2,14,36 0 288 11779 20736 4
2,14,48 0 216 11779 20736 4
2,14,72 0 144 11779 20736 4
2,140,144 0 72 11353 20736 2
2,142,144 0 72 11525 20736 4
2,15,18 192 576 10796 20736 1
2,15,24 144 432 10796 20736 1
2,15,36 96 288 10796 20736 1
2,15,72 48 144 10796 20736 1
2,16,144 0 72 11733 20736 2
2,16,18 0 576 11498 20736 2
2,16,24 0 432 11733 20736 2
2,16,36 0 288 11733 20736 2
2,16,48 0 216 11733 20736 2
2,16,72 0 144 11733 20736 2
2,17,18 188 576 11791 20736 1
2,17,24 141 432 11790 20736 1
2,17,36 94 288 11791 20736 1
2,17,72 47 144 11791 20736 1
2,18,144 0 72 11524 20736 4
2,18,24 0 432 11524 20736 4
2,18,36 0 288 11509 20736 4
2,18,48 0 216 11524 20736 4
2,18,72 0 144 11524 20736 4
2,19,24 144 432 11498 20736 1
2,19,36 96 288 11498 20736 1
2,19,72 48 144 11498 20736 1
2,2,12 0 864 11779 20736 4
2,2,144 0 72 11781 20736 4
2,2,16 0 648 11524 20736 4
2,2,18 0 576 11353 20736 2
2,2,24 0 432 11781 20736 4
2,2,3 1254 3456 11750 20736 1
2,2,36 0 288 11779 20736 4
2,2,4 0 2592 11509 20736 4
2,2,48 0 216 11781 20736 4
2,2,6 0 1728 11353 20736 2
2,2,72 0 144 11781 20736 4
2,2,8 0 1296 11524 20736 4
2,2,9 373 1152 11343 20736 1
2,20,144 0 72 11353 20736 2
2,20,24 0 432 11353 20736 2
2,20,36 0 288 11353 20736 2
2,20,48 0 216 11353 20736 2
2,20,72 0 144 11353 20736 2
2,21,24 144 432 10796 20736 1
2,21,36 96 288 10796 20736 1
2,21,72 48 144 10796 20736 1
2,22,144 0 72 11525 20736 4
2,22,24 0 432 11525 20736 4
2,22,36 0 288 11525 20736 4
2,22,48 0 216 11525 20736 4
2,22,72 0 144 11525 20736 4
2,23,24 141 432 11790 20736 1
2,23,36 94 288 11791 20736 1
2,23,72 47 144 11791 20736 1
2,24,144 0 72 11215 20736 2
2,24,36 0 288 11215 20736 2
2,24,48 0 216 11215 20736 2
2,24,72 0 144 11215 20736 2
2,25,36 96 288 11498 20736 1
2,25,72 48 144 11498 20736 1
2,26,144 0 72 11781 20736 4
2,26,36 0 288 11779 20736 4
2,26,48 0 216 11781 20736 4
2,26,72 0 144 11781 20736 4
2,27,36 96 288 10796 20736 1
2,27,72 48 144 10796 20736 1
2,28,144 0 72 11764 20736 2
2,28,36 0 288 11733 20736 2
2,28,48 0 216 11764 20736 2
2,28,72 0 144 11764 20736 2
2,29,36 94 288 11792 20736 1
2,29,72 47 144 11792 20736 1
2,3,12 288 864 10796 20736 1
2,3,18 192 576 10796 20736 1
2,3,24 144 432 10796 20736 1
2,3,36 96 288 10796 20736 1
2,3,4 948 2592 10822 20736 1
2,3,6 576 1728 10796 20736 1
2,3,72 48 144 10796 20736 1
2,3,8 474 1296 10822 20736 1
2,3,9 472 1152 11401 20736 1
2,30,144 0 72 11509 20736 4
2,30,36 0 288 11509 20736 4
2,30,48 0 216 11509 20736 4
2,30,72 0 144 11509 20736 4
2,31,36 96 288 11498 20736 1
2,31,72 48 144 11498 20736 1
2,32,144 0 72 11353 20736 2
2,32,36 0 288 11353 20736 2
2,32,48 0 216 11353 20736 2
2,32,72 0 144 11353 20736 2
2,33,36 96 288 10796 20736 1
2,33,72 48 144 10796 20736 1
2,34,144 0 72 11525 20736 4
2,34,36 0 288 11525 20736 4
2,34,48 0 216 11525 20736 4
2,34,72 0 144 11525 20736 4
2,35,36 94 288 11791 20736 1
2,35,72 47 144 11791 20736 1
2,36,144 0 72 11306 20736 2
2,36,48 0 216 11306 20736 2
2,36,72 0 144 11306 20736 2
2,37,72 48 144 11498 20736 1
2,38,144 0 72 11779 20736 4
2,38,48 0 216 11779 20736 4
2,38,72 0 144 11779 20736 4
2,39,72 48 144 10796 20736 1
2,4,12 0 864 11733 20736 2
2,4,144 0 72 11764 20736 2
2,4,16 0 648 11306 20736 2
2,4,18 0 576 11498 20736 2
2,4,24 0 432 11764 20736 2
2,4,36 0 288 11735 20736 2
2,4,48 0 216 11764 20736 2
2,4,6 0 1728 11498 20736 2
2,4,72 0 144 11764 20736 2
2,4,8 0 1296 11306 20736 2
2,4,9 408 1152 11494 20736 1
2,40,144 0 72 11735 20736 2
2,40,48 0 216 11733 20736 2
2,40,72 0 144 11735 20736 2
2,41,72 47 144 11791 20736 1
2,42,144 0 72 11524 20736 4
2,42,48 0 216 11524 20736 4
2,42,72 0 144 11524 20736 4
2,43,72 48 144 11498 20736 1
2,44,144 0 72 11353 20736 2
2,44,48 0 216 11353 20736 2
2,44,72 0 144 11353 20736 2
2,45,72 48 144 10796 20736 1
2,46,144 0 72 11525 20736 4
2,46,48 0 216 11525 20736 4
2,46,72 0 144 11525 20736 4
2,47,72 47 144 11792 20736 1
2,48,144 0 72 11215 20736 2
2,48,72 0 144 11215 20736 2
2,49,72 48 144 11498 20736 1
2,5,12 282 864 11790 20736 1
2,5,18 188 576 11791 20736 1
2,5,24 141 432 11790 20736 1
2,5,36 94 288 11791 20736 1
2,5,6 564 1728 11753 20736 1
2,5,72 47 144 11791 20736 1
2,5,8 474 1296 10822 20736 1
2,5,9 373 1152 11343 20736 1
2,50,144 0 72 11781 20736 4
2,50,72 0 144 11781 20736 4
2,51,72 48 144 10796 20736 1
2,52,144 0 72 11764 20736 2
2,52,72 0 144 11764 20736 2
2,53,72 47 144 11791 20736 1
2,54,144 0 72 11509 20736 4
2,54,72 0 144 11509 20736 4
2,55,72 48 144 11498 20736 1
2,56,144 0 72 11353 20736 2
2,56,72 0 144 11353 20736 2
2,57,72 48 144 10796 20736 1
2,58,144 0 72 11525 20736 4
2,58,72 0 144 11525 20736 4
2,59,72 47 144 11791 20736 1
2,6,12 0 864 11509 20736 4
2,6,144 0 72 11509 20736 4
2,6,16 0 648 11509 20736 4
2,6,18 0 576 10751 20736 2
2,6,24 0 432 11509 20736 4
2,6,36 0 288 11509 20736 4
2,6,48 0 216 11509 20736 4
2,6,72 0 144 11509 20736 4
2,6,8 0 1296 11509 20736 4
2,6,9 472 1152 11401 20736 1
2,60,144 0 72 11306 20736 2
2,60,72 0 144 11306 20736 2
2,61,72 48 144 11498 20736 1
2,62,144 0 72 11779 20736 4
2,62,72 0 144 11779 20736 4
2,63,72 48 144 10796 20736 1
2,64,144 0 72 11733 20736 2
2,64,72 0 144 11733 20736 2
2,65,72 47 144 11792 20736 1
2,66,144 0 72 11524 20736 4
2,66,72 0 144 11524 20736 4
2,67,72 48 144 11498 20736 1
2,68,144 0 72 11353 20736 2
2,68,72 0 144 11353 20736 2
2,69,72 48 144 10796 20736 1
2,7,12 288 864 11498 20736 1
2,7,18 192 576 11498 20736 1
2,7,24 144 432 11498 20736 1
2,7,36 96 288 11498 20736 1
2,7,72 48 144 11498 20736 1
2,7,8 474 1296 10822 20736 1
2,7,9 408 1152 11473 20736 1
2,70,144 0 72 11525 20736 4
2,70,72 0 144 11525 20736 4
2,71,72 47 144 11791 20736 1
2,72,144 0 72 11215 20736 2
2,74,144 0 72 11781 20736 4
2,76,144 0 72 11764 20736 2
2,78,144 0 72 11509 20736 4
2,8,12 0 864 11353 20736 2
2,8,144 0 72 11353 20736 2
2,8,16 0 648 11215 20736 2
2,8,18 0 576 11353 20736 2
2,8,24 0 432 11353 20736 2
2,8,36 0 288 11353 20736 2
2,8,48 0 216 11353 20736 2
2,8,72 0 144 11353 20736 2
2,8,9 373 1152 11343 20736 1
2,80,144 0 72 11353 20736 2
2,82,144 0 72 11525 20736 4
2,84,144 0 72 11306 20736 2
2,86,144 0 72 11779 20736 4
2,88,144 0 72 11733 20736 2
2,9,12 288 864 10796 20736 1
2,9,18 192 576 10796 20736 1
2,9,24 144 432 10796 20736 1
2,9,36 96 288 10796 20736 1
2,9,72 48 144 10796 20736 1
2,90,144 0 72 11524 20736 4
2,92,144 0 72 11353 20736 2
2,94,144 0 72 11525 20736 4
2,96,144 0 72 11215 20736 2
2,98,144 0 72 11781 20736 4
24,0,1 288 864 11019 20736 1
24,0,12 0 72 11799 20736 4
24,0,144 0 6 11799 20736 4
24,0,16 0 54 11799 20736 4
24,0,18 0 48 11799 20736 2
24,0,2 0 432 11197 20736 2
24,0,24 0 36 11799 20736 4
24,0,3 72 288 11799 20736 1
24,0,36 0 24 11799 20736 4
24,0,4 0 216 11745 20736 4
24,0,48 0 18 11799 20736 4
24,0,6 0 144 11799 20736 2
24,0,72 0 12 11799 20736 4
24,0,8 0 108 11799 20736 4
24,0,9 24 96 11799 20736 1
24,1,2 144 432 11019 20736 1
24,1,3 96 288 11019 20736 1
24,1,6 48 144 11019 20736 1
24,10,12 0 72 11197 20736 2
24,12,18 0 48 11799 20736 2
24,12,24 0 36 11799 20736 4
24,12,36 0 24 11799 20736 4
24,12,72 0 12 11799 20736 4
24,120,144 0 6 11799 20736 4
24,15,18 12 48 11799 20736 1
24,16,24 0 36 11799 20736 4
24,16,48 0 18 11799 20736 4
24,18,36 0 24 11799 20736 2
24,2,12 0 72 11197 20736 2
24,2,3 96 288 11019 20736 1
24,2,4 0 216 11197 20736 2
24,2,6 0 144 11197 20736 2
24,20,24 0 36 11745 20736 4
24,24,144 0 6 11799 20736 4
24,24,36 0 24 11799 20736 4
24,24,48 0 18 11799 20736 4
24,24,72 0 12 11799 20736 4
24,3,18 12 48 11799 20736 1
24,3,6 36 144 11799 20736 1
24,3,9 24 96 11799 20736 1
24,30,36 0 24 11799 20736 2
24,32,48 0 18 11799 20736 4
24,36,72 0 12 11799 20736 4
24,4,12 0 72 11745 20736 4
24,4,24 0 36 11745 20736 4
24,4,6 0 144 11197 20736 2
24,4,8 0 108 11745 20736 4
24,40,48 0 18 11799 20736 4
24,48,144 0 6 11799 20736 4
24,48,72 0 12 11799 20736 4
24,5,6 48 144 11019 20736 1
24,6,12 0 72 11799 20736 2
24,6,18 0 48 11799 20736 2
24,6,36 0 24 11799 20736 2
24,6,9 24 96 11799 20736 1
24,60,72 0 12 11799 20736 4
24,72,144 0 6 11799 20736 4
24,8,12 0 72 11745 20736 4
24,8,16 0 54 11799 20736 4
24,8,24 0 36 11799 20736 4
24,8,48 0 18 11799 20736 4
24,9,18 12 48 11799 20736 1
24,96,144 0 6 11799 20736 4
3,0,1 3255 6912 11216 20736 1
3,0,12 144 576 11799 20736 1
3,0,144 12 48 11799 20736 1
3,0,16 141 432 11768 20736 1
3,0,18 96 384 11799 20736 1
3,0,2 1236 3456 11313 20736 1
3,0,24 72 288 11799 20736 1
3,0,3 684 2304 11799 20736 1
3,0,36 48 192 11799 20736 1
3,0,4 564 1728 11409 20736 1
3,0,48 36 144 11799 20736 1
3,0,6 288 1152 11799 20736 1
3,0,72 24 96 11799 20736 1
3,0,8 282 864 11768 20736 1
3,0,9 228 768 11799 20736 1
3,1,12 144 576 11368 20736 2
3,1,16 108 432 11367 20736 2
3,1,2 792 3456 11094 20736 2
3,1,24 72 288 11368 20736 2
3,1,3 1085 2304 11341 20736 1
3,1,4 432 1728 11367 20736 2
3,1,48 36 144 11368 20736 2
3,1,6 264 1152 11106 20736 2
3,1,8 216 864 11367 20736 2
3,10,12 188 576 11636 20736 1
3,10,16 141 432 11768 20736 1
3,10,24 94 288 11636 20736 1
3,10,48 47 144 11768 20736 1
3,102,144 12 48 11799 20736 1
3,105,144 3 48 11799 20736 2
3,108,144 12 48 11799 20736 1
3,11,12 120 576 11501 20736 4
3,11,16 90 432 11501 20736 4
3,11,24 60 288 11501 20736 4
3,11,48 30 144 11501 20736 4
3,111,144 3 48 11799 20736 4
3,114,144 12 48 11799 20736 1
3,117,144 3 48 11799 20736 2
3,12,144 12 48 11799 20736 1
3,12,16 141 432 11768 20736 1
3,12,18 96 384 11799 20736 1
3,12,24 72 288 11799 20736 1
3,12,36 48 192 11799 20736 1
3,12,48 36 144 11799 20736 1
3,12,72 24 96 11799 20736 1
3,120,144 12 48 11799 20736 1
3,123,144 3 48 11799 20736 4
3,126,144 12 48 11799 20736 1
3,129,144 3 48 11799 20736 2
3,13,16 108 432 11368 20736 2
3,13,24 72 288 11368 20736 2
3,13,48 36 144 11368 20736 2
3,132,144 12 48 11799 20736 1
3,135,144 3 48 11799 20736 4
3,138,144 12 48 11799 20736 1
3,14,16 141 432 11768 20736 1
3,14,24 94 288 11768 20736 1
3,14,48 47 144 11768 20736 1
3,141,144 3 48 11799 20736 2
3,15,144 3 48 11799 20736 4
3,15,16 90 432 11516 20736 4
3,15,18 24 384 11799 20736 2
3,15,24 18 288 11799 20736 4
3,15,36 12 192 11799 20736 4
3,15,48 9 144 11799 20736 4
3,15,72 6 96 11799 20736 4
3,16,24 94 288 11768 20736 1
3,16,48 47 144 11768 20736 1
3,17,24 72 288 11368 20736 2
3,17,48 36 144 11368 20736 2
3,18,144 12 48 11799 20736 1
3,18,24 72 288 11799 20736 1
3,18,36 48 192 11799 20736 1
3,18,48 36 144 11799 20736 1
3,18,72 24 96 11799 20736 1
3,19,24 60 288 11501 20736 4
3,19,48 30 144 11501 20736 4
3,2,12 188 576 11634 20736 1
3,2,16 141 432 11768 20736 1
3,2,24 94 288 11634 20736 1
3,2,3 1085 2304 11325 20736 1
3,2,4 564 1728 11608 20736 1
3,2,48 47 144 11768 20736 1
3,2,6 412 1152 11361 20736 1
3,2,8 282 864 11608 20736 1
3,20,24 94 288 11768 20736 1
3,20,48 47 144 11768 20736 1
3,21,144 3 48 11799 20736 2
3,21,24 18 288 11799 20736 2
3,21,36 12 192 11799 20736 2
3,21,48 9 144 11799 20736 2
3,21,72 6 96 11799 20736 2
3,22,24 94 288 11768 20736 1
3,22,48 47 144 11768 20736 1
3,23,24 60 288 11516 20736 4
3,23,48 30 144 11516 20736 4
3,24,144 12 48 11799 20736 1
3,24,36 48 192 11799 20736 1
3,24,48 36 144 11799 20736 1
3,24,72 24 96 11799 20736 1
3,25,48 36 144 11368 20736 2
3,26,48 47 144 11768 20736 1
3,27,144 3 48 11799 20736 4
3,27,36 12 192 11799 20736 4
3,27,48 9 144 11799 20736 4
3,27,72 6 96 11799 20736 4
3,28,48 47 144 11768 20736 1
3,29,48 36 144 11368 20736 2
3,3,12 36 576 11799 20736 4
3,3,144 3 48 11799 20736 4
3,3,16 90 432 11501 20736 4
3,3,18 24 384 11799 20736 2
3,3,24 18 288 11799 20736 4
3,3,36 12 192 11799 20736 4
3,3,4 360 1728 11501 20736 4
3,3,48 9 144 11799 20736 4
3,3,6 72 1152 11799 20736 2
3,3,72 6 96 11799 20736 4
3,3,8 180 864 11501 20736 4
3,3,9 228 768 11799 20736 1
3,30,144 12 48 11799 20736 1
3,30,36 48 192 11799 20736 1
3,30,48 36 144 11799 20736 1
3,30,72 24 96 11799 20736 1
3,31,48 30 144 11516 20736 4
3,32,48 47 144 11768 20736 1
3,33,144 3 48 11799 20736 2
3,33,36 12 192 11799 20736 2
3,33,48 9 144 11799 20736 2
3,33,72 6 96 11799 20736 2
3,34,48 47 144 11768 20736 1
3,35,48 30 144 11501 20736 4
3,36,144 12 48 11799 20736 1
3,36,48 36 144 11799 20736 1
3,36,72 24 96 11799 20736 1
3,37,48 36 144 11368 20736 2
3,38,48 47 144 11768 20736 1
3,39,144 3 48 11799 20736 4
3,39,48 9 144 11799 20736 4
3,39,72 6 96 11799 20736 4
3,4,12 188 576 11470 20736 1
3,4,16 141 432 11768 20736 1
3,4,24 94 288 11768 20736 1
3,4,48 47 144 11768 20736 1
3,4,6 412 1152 11361 20736 1
3,4,8 282 864 11768 20736 1
3,40,48 47 144 11768 20736 1
3,41,48 36 144 11368 20736 2
3,42,144 12 48 11799 20736 1
3,42,48 36 144 11799 20736 1
3,42,72 24 96 11799 20736 1
3,43,48 30 144 11501 20736 4
3,44,48 47 144 11768 20736 1
3,45,144 3 48 11799 20736 2
3,45,48 9 144 11799 20736 2
3,45,72 6 96 11799 20736 2
3,46,48 47 144 11768 20736 1
3,47,48 30 144 11516 20736 4
3,48,144 12 48 11799 20736 1
3,48,72 24 96 11799 20736 1
3,5,12 144 576 11367 20736 2
3,5,16 108 432 11368 20736 2
3,5,24 72 288 11368 20736 2
3,5,48 36 144 11368 20736 2
3,5,6 264 1152 11094 20736 2
3,5,8 216 864 11368 20736 2
3,51,144 3 48 11799 20736 4
3,51,72 6 96 11799 20736 4
3,54,144 12 48 11799 20736 1
3,54,72 24 96 11799 20736 1
3,57,144 3 48 11799 20736 2
3,57,72 6 96 11799 20736 2
3,6,12 144 576 11799 20736 1
3,6,144 12 48 11799 20736 1
3,6,16 141 432 11768 20736 1
3,6,18 96 384 11799 20736 1
3,6,24 72 288 11799 20736 1
3,6,36 48 192 11799 20736 1
3,6,48 36 144 11799 20736 1
3,6,72 24 96 11799 20736 1
3,6,8 282 864 11768 20736 1
3,6,9 228 768 11799 20736 1
3,60,144 12 48 11799 20736 1
3,60,72 24 96 11799 20736 1
3,63,144 3 48 11799 20736 4
3,63,72 6 96 11799 20736 4
3,66,144 12 48 11799 20736 1
3,66,72 24 96 11799 20736 1
3,69,144 3 48 11799 20736 2
3,69,72 6 96 11799 20736 2
3,7,12 120 576 11501 20736 4
3,7,16 90 432 11516 20736 4
3,7,24 60 288 11516 20736 4
3,7,48 30 144 11516 20736 4
3,7,8 180 864 11516 20736 4
3,72,144 12 48 11799 20736 1
3,75,144 3 48 11799 20736 4
3,78,144 12 48 11799 20736 1
3,8,12 188 576 11469 20736 1
3,8,16 141 432 11768 20736 1
3,8,24 94 288 11768 20736 1
3,8,48 47 144 11768 20736 1
3,81,144 3 48 11799 20736 2
3,84,144 12 48 11799 20736 1
3,87,144 3 48 11799 20736 4
3,9,12 36 576 11799 20736 2
3,9,144 3 48 11799 20736 2
3,9,16 108 432 11367 20736 2
3,9,18 24 384 11799 20736 2
3,9,24 18 288 11799 20736 2
3,9,36 12 192 11799 20736 2
3,9,48 9 144 11799 20736 2
3,9,72 6 96 11799 20736 2
3,90,144 12 48 11799 20736 1
3,93,144 3 48 11799 20736 2
3,96,144 12 48 11799 20736 1
3,99,144 3 48 11799 20736 4
36,0,1 192 576 11019 20736 1
36,0,12 0 48 11799 20736 4
36,0,144 0 4 11799 20736 4
36,0,16 0 36 11793 20736 4
36,0,18 0 32 11799 20736 2
36,0,2 0 288 11197 20736 2
36,0,24 0 24 11799 20736 4
36,0,3 48 192 11799 20736 1
36,0,36 0 16 11799 20736 4
36,0,4 0 144 11745 20736 4
36,0,48 0 12 11799 20736 4
36,0,6 0 96 11799 20736 2
36,0,72 0 8 11799 20736 4
36,0,8 0 72 11793 20736 4
36,0,9 16 64 11799 20736 1
36,1,2 96 288 11019 20736 1
36,1,4 48 144 11019 20736 1
36,108,144 0 4 11799 20736 4
36,12,16 0 36 11757 20736 4
36,12,24 0 24 11799 20736 4
36,12,48 0 12 11799 20736 4
36,18,24 0 24 11799 20736 2
36,18,36 0 16 11799 20736 2
36,18,72 0 8 11799 20736 2
36,2,4 0 144 11197 20736 2
36,2,8 0 72 11197 20736 2
36,24,48 0 12 11799 20736 4
36,27,36 4 16 11799 20736 1
36,3,12 12 48 11799 20736 1
36,3,4 48 144 11019 20736 1
36,3,6 24 96 11799 20736 1
36,36,144 0 4 11799 20736 4
36,36,48 0 12 11799 20736 4
36,36,72 0 8 11799 20736 4
36,4,16 0 36 11757 20736 4
36,4,8 0 72 11757 20736 4
36,54,72 0 8 11799 20736 2
36,6,12 0 48 11799 20736 2
36,6,24 0 24 11799 20736 2
36,6,8 0 72 11197 20736 2
36,72,144 0 4 11799 20736 4
36,8,16 0 36 11793 20736 4
36,9,12 12 48 11799 20736 1
36,9,18 8 32 11799 20736 1
36,9,36 4 16 11799 20736 1
4,0,1 1896 5184 10955 20736 1
4,0,12 0 432 11745 20736 4
4,0,144 0 36 11764 20736 4
4,0,16 0 324 11764 20736 4
4,0,18 0 288 11039 20736 2
4,0,2 0 2592 11039 20736 2
4,0,24 0 216 11764 20736 4
4,0,3 576 1728 10850 20736 1
4,0,36 0 144 11745 20736 4
4,0,4 0 1296 11745 20736 4
4,0,48 0 108 11764 20736 4
4,0,6 0 864 11039 20736 2
4,0,72 0 72 11764 20736 4
4,0,8 0 648 11764 20736 4
4,0,9 192 576 10850 20736 1
4,1,12 141 432 11790 20736 1
4,1,18 94 288 11791 20736 1
4,1,2 948 2592 10955 20736 1
4,1,3 564 1728 11753 20736 1
4,1,36 47 144 11791 20736 1
4,1,4 474 1296 10955 20736 1
4,1,6 282 864 11790 20736 1
4,1,9 188 576 11791 20736 1
4,10,12 0 432 11353 20736 2
4,10,18 0 288 11353 20736 2
4,10,24 0 216 11353 20736 2
4,10,36 0 144 11353 20736 2
4,10,72 0 72 11353 20736 2
4,100,144 0 36 11799 20736 4
4,104,144 0 36 11799 20736 4
4,108,144 0 36 11757 20736 4
4,11,12 144 432 11498 20736 1
4,11,18 96 288 11498 20736 1
4,11,36 48 144 11498 20736 1
4,112,144 0 36 11793 20736 4
4,116,144 0 36 11781 20736 4
4,12,144 0 36 11757 20736 4
4,12,16 0 324 11757 20736 4
4,12,18 0 288 11039 20736 2
4,12,24 0 216 11757 20736 4
4,12,36 0 144 11745 20736 4
4,12,48 0 108 11757 20736 4
4,12,72 0 72 11757 20736 4
4,120,144 0 36 11764 20736 4
4,124,144 0 36 11799 20736 4
4,128,144 0 36 11799 20736 4
4,13,18 94 288 11791 20736 1
4,13,36 47 144 11791 20736 1
4,132,144 0 36 11757 20736 4
4,136,144 0 36 11793 20736 4
4,14,18 0 288 11500 20736 2
4,14,24 0 216 11500 20736 2
4,14,36 0 144 11500 20736 2
4,14,72 0 72 11500 20736 2
4,140,144 0 36 11781 20736 4
4,15,18 96 288 10850 20736 1
4,15,36 48 144 10850 20736 1
4,16,144 0 36 11793 20736 4
4,16,18 0 288 11353 20736 2
4,16,24 0 216 11793 20736 4
4,16,36 0 144 11793 20736 4
4,16,48 0 108 11793 20736 4
4,16,72 0 72 11793 20736 4
4,17,18 96 288 11498 20736 1
4,17,36 48 144 11498 20736 1
4,18,24 0 216 11039 20736 2
4,18,36 0 144 11039 20736 2
4,18,72 0 72 11039 20736 2
4,19,36 47 144 11791 20736 1
4,2,12 0 432 11500 20736 2
4,2,18 0 288 11500 20736 2
4,2,24 0 216 11500 20736 2
4,2,3 576 1728 11498 20736 1
4,2,36 0 144 11500 20736 2
4,2,4 0 1296 11039 20736 2
4,2,6 0 864 11500 20736 2
4,2,72 0 72 11500 20736 2
4,2,8 0 648 11039 20736 2
4,2,9 192 576 11498 20736 1
4,20,144 0 36 11781 20736 4
4,20,24 0 216 11781 20736 4
4,20,36 0 144 11781 20736 4
4,20,48 0 108 11781 20736 4
4,20,72 0 72 11781 20736 4
4,21,36 48 144 10850 20736 1
4,22,24 0 216 11353 20736 2
4,22,36 0 144 11353 20736 2
4,22,72 0 72 11353 20736 2
4,23,36 48 144 11498 20736 1
4,24,144 0 36 11764 20736 4
4,24,36 0 144 11745 20736 4
4,24,48 0 108 11764 20736 4
4,24,72 0 72 11764 20736 4
4,25,36 47 144 11791 20736 1
4,26,36 0 144 11500 20736 2
4,26,72 0 72 11500 20736 2
4,27,36 48 144 10850 20736 1
4,28,144 0 36 11799 20736 4
4,28,36 0 144 11793 20736 4
4,28,48 0 108 11799 20736 4
4,28,72 0 72 11799 20736 4
4,29,36 48 144 11498 20736 1
4,3,12 144 432 10850 20736 1
4,3,18 96 288 10850 20736 1
4,3,36 48 144 10850 20736 1
4,3,4 474 1296 10955 20736 1
4,3,6 288 864 10850 20736 1
4,3,9 192 576 10850 20736 1
4,30,36 0 144 11039 20736 2
4,30,72 0 72 11039 20736 2
4,31,36 47 144 11791 20736 1
4,32,144 0 36 11799 20736 4
4,32,36 0 144 11781 20736 4
4,32,48 0 108 11799 20736 4
4,32,72 0 72 11799 20736 4
4,33,36 48 144 10850 20736 1
4,34,36 0 144 11353 20736 2
4,34,72 0 72 11353 20736 2
4,35,36 48 144 11498 20736 1
4,36,144 0 36 11757 20736 4
4,36,48 0 108 11757 20736 4
4,36,72 0 72 11757 20736 4
4,38,72 0 72 11500 20736 2
4,4,12 0 432 11793 20736 4
4,4,144 0 36 11799 20736 4
4,4,16 0 324 11757 20736 4
4,4,18 0 288 11353 20736 2
4,4,24 0 216 11799 20736 4
4,4,36 0 144 11793 20736 4
4,4,48 0 108 11799 20736 4
4,4,6 0 864 11353 20736 2
4,4,72 0 72 11799 20736 4
4,4,8 0 648 11757 20736 4
4,4,9 188 576 11791 20736 1
4,40,144 0 36 11793 20736 4
4,40,48 0 108 11793 20736 4
4,40,72 0 72 11793 20736 4
4,42,72 0 72 11039 20736 2
4,44,144 0 36 11781 20736 4
4,44,48 0 108 11781 20736 4
4,44,72 0 72 11781 20736 4
4,46,72 0 72 11353 20736 2
4,48,144 0 36 11764 20736 4
4,48,72 0 72 11764 20736 4
4,5,12 144 432 11498 20736 1
4,5,18 96 288 11498 20736 1
4,5,36 48 144 11498 20736 1
4,5,6 288 864 11498 20736 1
4,5,9 192 576 11498 20736 1
4,50,72 0 72 11500 20736 2
4,52,144 0 36 11799 20736 4
4,52,72 0 72 11799 20736 4
4,54,72 0 72 11039 20736 2
4,56,144 0 36 11799 20736 4
4,56,72 0 72 11799 20736 4
4,58,72 0 72 11353 20736 2
4,6,12 0 432 11039 20736 2
4,6,18 0 288 11039 20736 2
4,6,24 0 216 11039 20736 2
4,6,36 0 144 11039 20736 2
4,6,72 0 72 11039 20736 2
4,6,8 0 648 11039 20736 2
4,6,9 192 576 10850 20736 1
4,60,144 0 36 11757 20736 4
4,60,72 0 72 11757 20736 4
4,62,72 0 72 11500 20736 2
4,64,144 0 36 11793 20736 4
4,64,72 0 72 11793 20736 4
4,66,72 0 72 11039 20736 2
4,68,144 0 36 11781 20736 4
4,68,72 0 72 11781 20736 4
4,7,12 141 432 11790 20736 1
4,7,18 94 288 11791 20736 1
4,7,36 47 144 11791 20736 1
4,7,9 188 576 11791 20736 1
4,70,72 0 72 11353 20736 2
4,72,144 0 36 11764 20736 4
4,76,144 0 36 11799 20736 4
4,8,12 0 432 11781 20736 4
4,8,144 0 36 11799 20736 4
4,8,16 0 324 11764 20736 4
4,8,18 0 288 11500 20736 2
4,8,24 0 216 11799 20736 4
4,8,36 0 144 11781 20736 4
4,8,48 0 108 11799 20736 4
4,8,72 0 72 11799 20736 4
4,8,9 192 576 11498 20736 1
4,80,144 0 36 11799 20736 4
4,84,144 0 36 11757 20736 4
4,88,144 0 36 11793 20736 4
4,9,12 144 432 10850 20736 1
4,9,18 96 288 10850 20736 1
4,9,36 48 144 10850 20736 1
4,92,144 0 36 11781 20736 4
4,96,144 0 36 11764 20736 4
48,0,1 144 432 11019 20736 1
48,0,12 0 36 11799 20736 4
48,0,144 0 3 11799 20736 4
48,0,16 0 27 11799 20736 4
48,0,18 0 24 11799 20736 2
48,0,2 0 216 11197 20736 2
48,0,24 0 18 11799 20736 4
48,0,3 36 144 11799 20736 1
48,0,36 0 12 11799 20736 4
48,0,4 0 108 11745 20736 4
48,0,48 0 9 11799 20736 4
48,0,6 0 72 11799 20736 2
48,0,72 0 6 11799 20736 4
48,0,8 0 54 11799 20736 4
48,0,9 12 48 11799 20736 1
48,1,3 48 144 11019 20736 1
48,12,18 0 24 11799 20736 2
48,12,36 0 12 11799 20736 4
48,16,24 0 18 11799 20736 4
48,16,48 0 9 11799 20736 4
48,2,3 48 144 11019 20736 1
48,2,6 0 72 11197 20736 2
48,24,36 0 12 11799 20736 4
48,24,72 0 6 11799 20736 4
48,3,9 12 48 11799 20736 1
48,32,48 0 9 11799 20736 4
48,4,12 0 36 11745 20736 4
48,4,6 0 72 11197 20736 2
48,48,144 0 3 11799 20736 4
48,48,72 0 6 11799 20736 4
48,6,18 0 24 11799 20736 2
48,6,9 12 48 11799 20736 1
48,8,12 0 36 11745 20736 4
48,8,24 0 18 11799 20736 4
48,96,144 0 3 11799 20736 4
6,0,1 1224 3456 10887 20736 1
6,0,12 0 288 11799 20736 2
6,0,144 0 24 11799 20736 2
6,0,16 0 216 11371 20736 2
6,0,18 0 192 11799 20736 2
6,0,2 0 1728 10993 20736 2
6,0,24 0 144 11799 20736 2
6,0,3 324 1152 11799 20736 1
6,0,36 0 96 11799 20736 2
6,0,4 0 864 11371 20736 2
6,0,48 0 72 11799 20736 2
6,0,6 0 576 11799 20736 2
6,0,72 0 48 11799 20736 2
6,0,8 0 432 11371 20736 2
6,0,9 108 384 11799 20736 1
6,1,12 96 288 10947 20736 1
6,1,2 576 1728 10947 20736 1
6,1,24 48 144 10947 20736 1
6,1,3 408 1152 10887 20736 1
6,1,4 288 864 10947 20736 1
6,1,6 192 576 10947 20736 1
6,1,8 144 432 10947 20736 1
6,10,12 0 288 11597 20736 4
6,10,16 0 216 11597 20736 4
6,10,24 0 144 11597 20736 4
6,10,48 0 72 11597 20736 4
6,102,144 0 24 11799 20736 4
6,108,144 0 24 11799 20736 2
6,11,12 96 288 10947 20736 1
6,11,24 48 144 10947 20736 1
6,114,144 0 24 11799 20736 4
6,12,144 0 24 11799 20736 2
6,12,16 0 216 11371 20736 2
6,12,18 0 192 11799 20736 2
6,12,24 0 144 11799 20736 2
6,12,36 0 96 11799 20736 2
6,12,48 0 72 11799 20736 2
6,12,72 0 48 11799 20736 2
6,120,144 0 24 11799 20736 2
6,126,144 0 24 11799 20736 4
6,13,24 48 144 10947 20736 1
6,132,144 0 24 11799 20736 2
6,138,144 0 24 11799 20736 4
6,14,16 0 216 11600 20736 4
6,14,24 0 144 11600 20736 4
6,14,48 0 72 11600 20736 4
6,15,18 48 192 11799 20736 1
6,15,24 36 144 11799 20736 1
6,15,36 24 96 11799 20736 1
6,15,72 12 48 11799 20736 1
6,16,24 0 144 11371 20736 2
6,16,48 0 72 11371 20736 2
6,17,24 48 144 10947 20736 1
6,18,144 0 24 11799 20736 4
6,18,24 0 144 11799 20736 4
6,18,36 0 96 11799 20736 4
6,18,48 0 72 11799 20736 4
6,18,72 0 48 11799 20736 4
6,19,24 48 144 10947 20736 1
6,2,12 0 288 11597 20736 4
6,2,16 0 216 11597 20736 4
6,2,24 0 144 11597 20736 4
6,2,3 408 1152 10887 20736 1
6,2,4 0 864 11597 20736 4
6,2,48 0 72 11597 20736 4
6,2,6 0 576 10993 20736 2
6,2,8 0 432 11597 20736 4
6,20,24 0 144 11371 20736 2
6,20,48 0 72 11371 20736 2
6,21,24 36 144 11799 20736 1
6,21,36 24 96 11799 20736 1
6,21,72 12 48 11799 20736 1
6,22,24 0 144 11600 20736 4
6,22,48 0 72 11600 20736 4
6,23,24 48 144 10947 20736 1
6,24,144 0 24 11799 20736 2
6,24,36 0 96 11799 20736 2
6,24,48 0 72 11799 20736 2
6,24,72 0 48 11799 20736 2
6,26,48 0 72 11597 20736 4
6,27,36 24 96 11799 20736 1
6,27,72 12 48 11799 20736 1
6,28,48 0 72 11371 20736 2
6,3,12 72 288 11799 20736 1
6,3,18 48 192 11799 20736 1
6,3,24 36 144 11799 20736 1
6,3,36 24 96 11799 20736 1
6,3,4 288 864 10947 20736 1
6,3,6 144 576 11799 20736 1
6,3,72 12 48 11799 20736 1
6,3,8 144 432 10947 20736 1
6,3,9 108 384 11799 20736 1
6,30,144 0 24 11799 20736 4
6,30,36 0 96 11799 20736 4
6,30,48 0 72 11799 20736 4
6,30,72 0 48 11799 20736 4
6,32,48 0 72 11371 20736 2
6,33,36 24 96 11799 20736 1
6,33,72 12 48 11799 20736 1
6,34,48 0 72 11597 20736 4
6,36,144 0 24 11799 20736 2
6,36,48 0 72 11799 20736 2
6,36,72 0 48 11799 20736 2
6,38,48 0 72 11600 20736 4
6,39,72 12 48 11799 20736 1
6,4,12 0 288 11371 20736 2
6,4,16 0 216 11371 20736 2
6,4,24 0 144 11371 20736 2
6,4,48 0 72 11371 20736 2
6,4,6 0 576 10993 20736 2
6,4,8 0 432 11371 20736 2
6,40,48 0 72 11371 20736 2
6,42,144 0 24 11799 20736 4
6,42,48 0 72 11799 20736 4
6,42,72 0 48 11799 20736 4
6,44,48 0 72 11371 20736 2
6,45,72 12 48 11799 20736 1
6,46,48 0 72 11600 20736 4
6,48,144 0 24 11799 20736 2
6,48,72 0 48 11799 20736 2
6,5,12 96 288 10947 20736 1
6,5,24 48 144 10947 20736 1
6,5,6 192 576 10947 20736 1
6,5,8 144 432 10947 20736 1
6,51,72 12 48 11799 20736 1
6,54,144 0 24 11799 20736 4
6,54,72 0 48 11799 20736 4
6,57,72 12 48 11799 20736 1
6,6,12 0 288 11799 20736 4
6,6,144 0 24 11799 20736 4
6,6,16 0 216 11600 20736 4
6,6,18 0 192 11799 20736 2
6,6,24 0 144 11799 20736 4
6,6,36 0 96 11799 20736 4
6,6,48 0 72 11799 20736 4
6,6,72 0 48 11799 20736 4
6,6,8 0 432 11600 20736 4
6,6,9 108 384 11799 20736 1
6,60,144 0 24 11799 20736 2
6,60,72 0 48 11799 20736 2
6,63,72 12 48 11799 20736 1
6,66,144 0 24 11799 20736 4
6,66,72 0 48 11799 20736 4
6,69,72 12 48 11799 20736 1
6,7,12 96 288 10947 20736 1
6,7,24 48 144 10947 20736 1
6,7,8 144 432 10947 20736 1
6,72,144 0 24 11799 20736 2
6,78,144 0 24 11799 20736 4
6,8,12 0 288 11371 20736 2
6,8,16 0 216 11371 20736 2
6,8,24 0 144 11371 20736 2
6,8,48 0 72 11371 20736 2
6,84,144 0 24 11799 20736 2
6,9,12 72 288 11799 20736 1
6,9,18 48 192 11799 20736 1
6,9,24 36 144 11799 20736 1
6,9,36 24 96 11799 20736 1
6,9,72 12 48 11799 20736 1
6,90,144 0 24 11799 20736 4
6,96,144 0 24 11799 20736 2
72,0,1 96 288 11019 20736 1
72,0,12 0 24 11799 20736 4
72,0,144 0 2 11799 20736 4
72,0,16 0 18 11799 20736 4
72,0,18 0 16 11799 20736 2
72,0,2 0 144 11197 20736 2
72,0,24 0 12 11799 20736 4
72,0,3 24 96 11799 20736 1
72,0,36 0 8 11799 20736 4
72,0,4 0 72 11745 20736 4
72,0,48 0 6 11799 20736 4
72,0,6 0 48 11799 20736 2
72,0,72 0 4 11799 20736 4
72,0,8 0 36 11799 20736 4
72,0,9 8 32 11799 20736 1
72,1,2 48 144 11019 20736 1
72,12,24 0 12 11799 20736 4
72,18,36 0 8 11799 20736 2
72,2,4 0 72 11197 20736 2
72,24,48 0 6 11799 20736 4
72,3,6 12 48 11799 20736 1
72,36,72 0 4 11799 20736 4
72,4,8 0 36 11745 20736 4
72,6,12 0 24 11799 20736 2
72,72,144 0 2 11799 20736 4
72,8,16 0 18 11799 20736 4
72,9,18 4 16 11799 20736 1
8,0,1 948 2592 10955 20736 1
8,0,12 0 216 11745 20736 4
8,0,144 0 18 11768 20736 4
8,0,16 0 162 11768 20736 4
8,0,18 0 144 11039 20736 2
8,0,2 0 1296 11039 20736 2
8,0,24 0 108 11768 20736 4
8,0,3 288 864 10850 20736 1
8,0,36 0 72 11745 20736 4
8,0,4 0 648 11745 20736 4
8,0,48 0 54 11768 20736 4
8,0,6 0 432 11039 20736 2
8,0,72 0 36 11768 20736 4
8,0,8 0 324 11768 20736 4
8,0,9 96 288 10850 20736 1
8,1,18 48 144 11498 20736 1
8,1,2 474 1296 10955 20736 1
8,1,3 288 864 11498 20736 1
8,1,6 144 432 11498 20736 1
8,1,9 96 288 11498 20736 1
8,10,12 0 216 11500 20736 2
8,10,18 0 144 11500 20736 2
8,10,36 0 72 11500 20736 2
8,104,144 0 18 11799 20736 4
8,11,18 47 144 11791 20736 1
8,112,144 0 18 11799 20736 4
8,12,18 0 144 11039 20736 2
8,12,24 0 108 11745 20736 4
8,12,36 0 72 11745 20736 4
8,12,72 0 36 11745 20736 4
8,120,144 0 18 11768 20736 4
8,128,144 0 18 11799 20736 4
8,13,18 48 144 11498 20736 1
8,136,144 0 18 11799 20736 4
8,14,18 0 144 11353 20736 2
8,14,36 0 72 11353 20736 2
8,15,18 48 144 10850 20736 1
8,16,144 0 18 11799 20736 4
8,16,18 0 144 11500 20736 2
8,16,24 0 108 11799 20736 4
8,16,36 0 72 11781 20736 4
8,16,48 0 54 11799 20736 4
8,16,72 0 36 11799 20736 4
8,17,18 47 144 11791 20736 1
8,18,36 0 72 11039 20736 2
8,2,12 0 216 11353 20736 2
8,2,18 0 144 11353 20736 2
8,2,3 282 864 11790 20736 1
8,2,36 0 72 11353 20736 2
8,2,4 0 648 11039 20736 2
8,2,6 0 432 11353 20736 2
8,2,9 94 288 11791 20736 1
8,20,24 0 108 11793 20736 4
8,20,36 0 72 11793 20736 4
8,20,72 0 36 11793 20736 4
8,22,36 0 72 11500 20736 2
8,24,144 0 18 11768 20736 4
8,24,36 0 72 11745 20736 4
8,24,48 0 54 11768 20736 4
8,24,72 0 36 11768 20736 4
8,26,36 0 72 11353 20736 2
8,28,36 0 72 11781 20736 4
8,28,72 0 36 11781 20736 4
8,3,18 48 144 10850 20736 1
8,3,6 144 432 10850 20736 1
8,3,9 96 288 10850 20736 1
8,30,36 0 72 11039 20736 2
8,32,144 0 18 11799 20736 4
8,32,36 0 72 11793 20736 4
8,32,48 0 54 11799 20736 4
8,32,72 0 36 11799 20736 4
8,34,36 0 72 11500 20736 2
8,36,72 0 36 11745 20736 4
8,4,12 0 216 11781 20736 4
8,4,18 0 144 11500 20736 2
8,4,24 0 108 11781 20736 4
8,4,36 0 72 11781 20736 4
8,4,6 0 432 11500 20736 2
8,4,72 0 36 11781 20736 4
8,4,8 0 324 11745 20736 4
8,4,9 96 288 11498 20736 1
8,40,144 0 18 11799 20736 4
8,40,48 0 54 11799 20736 4
8,40,72 0 36 11799 20736 4
8,44,72 0 36 11793 20736 4
8,48,144 0 18 11768 20736 4
8,48,72 0 36 11768 20736 4
8,5,18 47 144 11791 20736 1
8,5,6 141 432 11790 20736 1
8,5,9 94 288 11791 20736 1
8,52,72 0 36 11781 20736 4
8,56,144 0 18 11799 20736 4
8,56,72 0 36 11799 20736 4
8,6,12 0 216 11039 20736 2
8,6,18 0 144 11039 20736 2
8,6,36 0 72 11039 20736 2
8,6,9 96 288 10850 20736 1
8,60,72 0 36 11745 20736 4
8,64,144 0 18 11799 20736 4
8,64,72 0 36 11799 20736 4
8,68,72 0 36 11793 20736 4
8,7,18 48 144 11498 20736 1
8,7,9 96 288 11498 20736 1
8,72,144 0 18 11768 20736 4
8,8,12 0 216 11793 20736 4
8,8,144 0 18 11799 20736 4
8,8,16 0 162 11768 20736 4
8,8,18 0 144 11353 20736 2
8,8,24 0 108 11799 20736 4
8,8,36 0 72 11793 20736 4
8,8,48 0 54 11799 20736 4
8,8,72 0 36 11799 20736 4
8,8,9 94 288 11791 20736 1
8,80,144 0 18 11799 20736 4
8,88,144 0 18 11799 20736 4
8,9,18 48 144 10850 20736 1
8,96,144 0 18 11768 20736 4
9,0,1 1085 2304 11325 20736 1
9,0,12 48 192 11799 20736 1
9,0,144 4 16 11799 20736 1
9,0,16 47 144 11768 20736 1
9,0,18 32 128 11799 20736 1
9,0,2 412 1152 11361 20736 1
9,0,24 24 96 11799 20736 1
9,0,3 228 768 11799 20736 1
9,0,36 16 64 11799 20736 1
9,0,4 188 576 11469 20736 1
9,0,48 12 48 11799 20736 1
9,0,6 96 384 11799 20736 1
9,0,72 8 32 11799 20736 1
9,0,8 94 288 11768 20736 1
9,0,9 76 256 11799 20736 1
9,1,16 30 144 11501 20736 4
9,1,2 264 1152 11094 20736 2
9,1,4 120 576 11501 20736 4
9,1,8 60 288 11501 20736 4
9,10,16 47 144 11768 20736 1
9,108,144 4 16 11799 20736 1
9,11,16 36 144 11368 20736 2
9,117,144 1 16 11799 20736 4
9,12,16 47 144 11768 20736 1
9,12,24 24 96 11799 20736 1
9,12,48 12 48 11799 20736 1
9,126,144 4 16 11799 20736 1
9,13,16 30 144 11516 20736 4
9,135,144 1 16 11799 20736 2
9,14,16 47 144 11768 20736 1
9,15,16 36 144 11368 20736 2
9,15,24 6 96 11799 20736 2
9,15,48 3 48 11799 20736 2
9,18,144 4 16 11799 20736 1
9,18,24 24 96 11799 20736 1
9,18,36 16 64 11799 20736 1
9,18,48 12 48 11799 20736 1
9,18,72 8 32 11799 20736 1
9,2,16 47 144 11768 20736 1
9,2,4 188 576 11634 20736 1
9,2,8 94 288 11768 20736 1
9,21,24 6 96 11799 20736 4
9,21,48 3 48 11799 20736 4
9,24,48 12 48 11799 20736 1
9,27,144 1 16 11799 20736 2
9,27,36 4 64 11799 20736 2
9,27,48 3 48 11799 20736 2
9,27,72 2 32 11799 20736 2
9,3,12 12 192 11799 20736 2
9,3,16 36 144 11368 20736 2
9,3,24 6 96 11799 20736 2
9,3,4 144 576 11367 20736 2
9,3,48 3 48 11799 20736 2
9,3,6 24 384 11799 20736 2
9,3,8 72 288 11368 20736 2
9,30,48 12 48 11799 20736 1
9,33,48 3 48 11799 20736 4
9,36,144 4 16 11799 20736 1
9,36,48 12 48 11799 20736 1
9,36,72 8 32 11799 20736 1
9,39,48 3 48 11799 20736 2
9,4,16 47 144 11768 20736 1
9,4,8 94 288 11768 20736 1
9,42,48 12 48 11799 20736 1
9,45,144 1 16 11799 20736 4
9,45,48 3 48 11799 20736 4
9,45,72 2 32 11799 20736 4
9,5,16 30 144 11516 20736 4
9,5,8 60 288 11516 20736 4
9,54,144 4 16 11799 20736 1
9,54,72 8 32 11799 20736 1
9,6,12 48 192 11799 20736 1
9,6,16 47 144 11768 20736 1
9,6,24 24 96 11799 20736 1
9,6,48 12 48 11799 20736 1
9,6,8 94 288 11634 20736 1
9,63,144 1 16 11799 20736 2
9,63,72 2 32 11799 20736 2
9,7,16 36 144 11368 20736 2
9,7,8 72 288 11368 20736 2
9,72,144 4 16 11799 20736 1
9,8,16 47 144 11768 20736 1
9,81,144 1 16 11799 20736 4
9,9,12 12 192 11799 20736 4
9,9,144 1 16 11799 20736 4
9,9,16 30 144 11501 20736 4
9,9,18 8 128 11799 20736 2
9,9,24 6 96 11799 20736 4
9,9,36 4 64 11799 20736 4
9,9,48 3 48 11799 20736 4
9,9,72 2 32 11799 20736 4
9,90,144 4 16 11799 20736 1
9,99,144 1 16 11799 20736 2
