3
5
7
11
17
23
29
37
47
59
71
83
97
113
131
151
173
197
223
251
281
313
347
383
421
461
503
547
593
641
691
743
797
853
911
971
1033
1097
1163
1229
1297
1367
1439
1511
1583
1657
1733
1811
1889
1973
2063
2153
2243
2341
2441
2543
2647
2753
2861
2971
3089
3209
3331
3461
3593
3733
3877
4027
4177
4327
4483
4649
4817
4993
5171
5351
5531
5717
5903
6089
6277
6469
6661
6863
7069
7283
7499
7717
7937
8161
8389
8623
8863
9103
9343
9587
9839
10091
10343
10601
10859
11119
11383
11657
11941
12227
12517
12809
13103
13399
13697
14009
14321
14633
14947
15263
15583
15907
16231
16567
16903
17239
17581
17923
18269
18637
19009
19381
19763
20147
20533
20921
21317
21713
22111
22511
22921
23333
23747
24169
24593
25031
25471
25931
26393
26861
27329
27803
28277
28753
29231
29717
30203
30689
31177
31667
32159
32653
33149
33647
34147
34651
35159
35671
36191
36721
37253
37799
38351
38903
39461
40031
40609
41189
41777
42373
42979
43591
44203
44819
45439
46061
46687
47317
47963
48611
49261
49921
50581
51241
51907
52583
53267
53951
54647
55343
56053
56773
57493
58217
58943
59669
60397
61129
61879
62633
63391
64153
64919
65687
66457
67231
68023
68821
69623
70429
71237
72047
72859
73673
74489
75307
76129
76963
77801
78643
79493
80347
81203
82067
82939
83813
84691
85571
86453
87337
88223
89113
90007
90907
91807
92707
93607
94513
95419
96329
97241
98179
99119
100069
101027
101987
102953
103919
104891
105871
106853
107839
108827
109819
110819
111821
112831
113843
114859
115891
116933
117979
119027
120079
121139
122203
123269
124337
125407
126493
127579
128669
129763
130859
131969
133087
134213
135347
136483
137623
138763
139921
141079
142237
143401
144577
145759
146941
148123
149309
150497
151687
152879
154087
155303
156521
157739
158959
160183
161411
162641
163883
165133
166393
167663
168943
170231
171529
172829
174143
175463
176789
178117
179453
180797
182141
183487
184837
186191
187559
188927
190297
191671
193051
194431
195817
197207
198599
200003
201413
202823
204233
205651
207079
208519
209959
211403
212851
214309
215771
217241
218723
220217
221717
223217
224717
226217
227729
229253
230779
232307
233837
235369
236909
238463
240017
241589
243167
244747
246329
247913
249497
251081
252667
254257
255847
257437
259033
260629
262237
263849
265471
267097
268733
270371
272011
273653
275323
277003
278687
280373
282071
283769
285469
287173
288877
290597
292319
294043
295769
297503
299239
300977
302723
304481
306239
308003
309769
311539
313321
315103
316891
318683
320477
322271
324073
325891
327721
329551
331391
333233
335081
336929
338777
340633
342497
344371
346259
348149
350039
351929
353819
355717
357619
359539
361469
363403
365357
367313
369269
371227
373187
375157
377129
379103
381077
383051
385039
387047
389057
391067
393083
395113
397153
399197
401243
403289
405343
407401
409463
411529
413597
415673
417751
419831
421913
424001
426089
428177
430267
432373
434479
436591
438707
440831
442963
445103
447247
449399
451553
453709
455881
458053
460231
462409
464591
466787
468983
471179
473381
475583
477797
480013
482233
484457
486683
488921
491159
493403
495647
497899
500153
502409
504683
506983
509287
511591
513899
516209
518521
520841
523177
525529
527881
530237
532603
534971
537347
539729
542123
544517
546919
549323
551729
554137
556559
558997
561439
563887
566347
568807
571267
573739
576211
578689
581173
583657
586147
588641
591137
593641
596147
598669
601193
603719
606251
608789
611333
613889
616459
619033
621611
624191
626771
629351
631931
634511
637097
639689
642281
644881
647489
650107
652727
655357
658001
660661
663331
666023
668719
671417
674123
676829
679537
682247
684977
687707
690439
693179
695939
698713
701497
704281
707071
709861
712651
715441
718241
721043
723851
726659
729473
732287
735107
737927
740749
743579
746413
749257
752111
754969
757829
760693
763559
766439
769319
772207
775097
777989
780889
783793
786701
789611
792529
795449
798373
801301
804239
807187
810137
813091
816047
819017
821999
824983
827969
830957
833947
836951
839959
842969
845981
848993
852013
855061
858113
861167
864223
867281
870341
873407
876479
879553
882631
885727
888827
891929
895039
898153
901273
904399
907549
910711
913873
917041
920219
923399
926587
929777
932983
936203
939431
942661
945907
949159
952423
955693
958967
962243
965519
968801
972091
975383
978683
981983
985291
988607
991931
995273
998629
1001989
1005349
1008719
1012093
1015471
1018859
1022249
1025641
1029037
1032433
1035829
1039229
1042633
1046053
1049473
1052897
1056323
1059769
1063219
1066669
1070131
1073593
1077059
1080539
1084019
1087517
1091017
1094519
1098023
1101533
1105067
1108603
1112143
1115683
1119241
1122811
1126381
1129957
1133533
1137109
1140721
1144343
1147969
1151603
1155239
1158887
1162547
1166213
1169879
1173551
1177223
1180903
1184587
1188277
1191973
1195669
1199371
1203077
1206809
1210541
1214273
1218017
1221767
1225541
1229317
1233097
1236883
1240669
1244459
1248253
1252049
1255847
1259659
1263473
1267291
1271111
1274939
1278769
1282607
1286447
1290287
1294129
1297973
1301821
1305679
1309549
1313423
1317317
1321213
1325111
1329011
1332913
1336817
1340723
1344641
1348561
1352489
1356427
1360367
1364327
1368287
1372271
1376257
1380251
1384247
1388243
1392253
1396273
1400297
1404323
1408367
1412413
1416461
1420511
1424561
1428613
1432681
1436749
1440823
1444909
1449001
1453093
1457201
1461311
1465427
1469543
1473677
1477843
1482011
1486181
1490353
1494539
1498729
1502923
1507123
1511329
1515541
1519759
1523987
1528229
1532471
1536719
1540967
1545217
1549477
1553743
1558009
1562279
1566559
1570847
1575143
1579439
1583761
1588091
1592431
1596787
1601147
1605509
1609873
1614241
1618613
1622987
1627361
1631741
1636121
1640503
1644901
1649299
1653697
1658119
1662553
1666991
1671431
1675873
1680317
1684763
1689217
1693691
1698167
1702643
1707127
1711613
1716103
1720597
1725091
1729591
1734101
1738621
1743149
1747699
1752263
1756837
1761413
1765997
1770583
1775171
1779761
1784353
1788949
1793569
1798189
1802821
1807453
1812091
1816729
1821373
1826023
1830677
1835333
1839991
1844659
1849333
1854029
1858741
1863457
1868173
1872889
1877621
1882367
1887113
1891859
1896607
1901357
1906109
1910869
1915633
1920397
1925171
1929947
1934729
1939523
1944317
1949113
1953911
1958711
1963513
1968331
1973149
1977991
1982839
1987693
1992547
1997407
2002267
2007149
2012033
2016919
2021807
2026697
2031599
2036513
2041433
2046353
2051281
2056211
2061161
2066123
2071087
2076059
2081033
2086009
2090989
2095969
2100953
2105963
2110973
2115983
2121023
2126063
2131109
2136163
2141219
2146283
2151349
2156417
2161513
2166613
2171717
2176843
2181973
2187113
2192261
2197409
2202559
2207719
2212883
2218057
2223233
2228417
2233601
2238791
2243987
2249197
2254411
2259643
2264897
2270159
2275423
2280689
2285957
2291239
2296529
2301821
2307119
2312419
2317723
2323031
2328341
2333663
2338997
2344337
2349679
2355047
2360417
2365787
2371157
2376533
2381909
2387311
2392717
2398133
2403551
2408971
2414393
2419819
2425253
2430691
2436143
2441599
2447059
2452523
2457997
2463473
2468951
2474431
2479913
2485397
2490889
2496383
2501881
2507389
2512897
2518429
2523967
2529511
2535059
2540609
2546161
2551729
2557297
2562881
2568469
2574059
2579651
2585243
2590837
2596441
2602057
2607677
2613313
2618953
2624593
2630237
2635883
2641531
2647187
2652847
2658521
2664203
2669903
2675609
2681321
2687033
2692747
2698463
2704193
2709923
2715683
2721451
2727223
2733001
2738779
2744563
2750357
2756153
2761961
2767771
2773597
2779423
2785273
2791123
2796977
2802847
2808721
2814599
2820481
2826367
2832259
2838151
2844067
2849989
2855911
2861851
2867797
2873743
2879699
2885669
2891639
2897611
2903587
2909563
2915543
2921539
2927537
2933549
2939579
2945609
2951639
2957687
2963743
2969809
2975881
2981963
2988049
2994137
3000229
3006323
3012419
3018517
3024617
3030719
3036833
3042959
3049091
3055229
3061367
3067517
3073673
3079841
3086021
3092203
3098393
3104597
3110803
3117013
3123227
3129443
3135661
3141883
3148121
3154363
3160607
3166859
3173119
3179437
3185759
3192083
3198409
3204739
3211069
3217399
3223741
3230093
3236447
3242803
3249163
3255529
3261911
3268303
3274699
3281101
3287507
3293923
3300343
3306763
3313183
3319609
3326047
3332489
3338939
3345409
3351883
3358357
3364853
3371353
3377863
3384379
3390901
3397423
3403951
3410479
3417023
3423571
3430123
3436681
3443243
3449807
3456377
3462947
3469519
3476093
3482669
3489257
3495847
3502439
3509063
3515689
3522319
3528961
3535603
3542251
3548899
3555557
3562219
3568883
3575549
3582233
3588919
3595609
3602309
3609013
3615721
3622429
3629141
3635861
3642581
3649307
3656033
3662759
3669487
3676219
3682961
3689723
3696493
3703279
3710089
3716917
3723749
3730583
3737417
3744253
3751091
3757931
3764773
3771617
3778469
3785347
3792233
3799127
3806021
3812923
3819833
3826769
3833707
3840647
3847589
3854551
3861521
3868493
3875467
3882451
3889441
3896449
3903457
3910469
3917491
3924527
3931567
3938609
3945671
3952733
3959801
3966871
3973943
3981037
3988151
3995269
4002403
4009543
4016689
4023841
4030993
4038161
4045333
4052507
4059683
4066877
4074073
4081271
4088471
4095677
4102883
4110089
4117297
4124507
4131719
4138943
4146179
4153421
4160669
4167923
4175189
4182463
4189741
4197019
4204309
4211609
4218917
4226231
4233569
4240909
4248253
4255597
4262941
4270289
4277639
4284989
4292341
4299709
4307077
4314451
4321829
4329209
4336589
4343981
4351397
4358813
4366231
4373651
4381073
4388507
4395949
4403393
4410851
4418321
4425791
4433281
4440773
4448267
4455761
4463257
4470761
4478269
4485809
4493353
4500907
4508461
4516021
4523593
4531171
4538759
4546351
4553951
4561553
4569161
4576771
4584403
4592039
4599677
4607333
4614989
4622647
4630313
4637981
4645651
4653353
4661057
4668773
4676491
4684223
4691957
4699697
4707449
4715203
4722959
4730717
4738477
4746251
4754027
4761803
4769581
4777363
4785181
4793011
4800857
4808707
4816561
4824427
4832293
4840159
4848029
4855901
4863779
4871663
4879571
4887481
4895399
4903319
4911251
4919197
4927163
4935131
4943101
4951073
4959047
4967023
4975001
4982981
4990961
4998943
5006929
5014921
5022917
5030923
5038939
5046967
5054999
5063033
5071067
5079103
5087161
5095243
5103331
5111419
5119507
5127613
5135731
5143849
5151967
5160101
5168239
5176387
5184539
5192699
5200859
5209031
5217203
5225383
5233567
5241751
5249989
5258233
5266483
5274739
5283001
5291269
5299549
5307833
5316119
5324419
5332721
5341031
5349341
5357683
5366027
5374379
5382731
5391083
5399453
5407823
5416199
5424577
5432957
5441341
5449727
5458121
5466521
5474921
5483321
5491729
5500153
5508583
5517013
5525453
5533901
5542351
5550821
5559293
5567773
5576261
5584751
5593243
5601737
5610233
5618729
5627231
5635733
5644283
5652833
5661389
5669953
5678521
5687093
5695681
5704273
5712869
5721481
5730097
5738713
5747341
5755973
5764609
5773259
5781911
5790581
5799259
5807947
5816639
5825333
5834027
5842723
5851463
5860207
5868953
5877701
5886451
5895203
5903969
5912749
5921533
5930317
5939107
5947901
5956697
5965501
5974313
5983129
5991949
6000773
6009599
6018427
6027277
6036127
6045019
6053911
6062809
6071711
6080623
6089543
6098467
6107393
6116323
6125267
6134213
6143167
6152131
6161117
6170107
6179099
6188093
6197089
6206089
6215101
6224131
6233167
6242207
6251263
6260323
6269383
6278449
6287543
6296639
6305737
6314839
6323951
6333071
6342191
6351313
6360437
6369569
6378721
6387877
6397033
6406193
6415361
6424529
6433699
6442883
6452071
6461269
6470473
6479701
6488941
6498181
6507421
6516667
6525923
6535201
6544487
6553817
6563147
6572483
6581831
6591181
6600533
6609893
6619253
6628613
6637987
6647369
6656753
6666137
6675523
6684913
6694309
6703709
6713129
6722557
6731993
6741431
6750869
6760319
6769771
6779231
6788699
6798167
6807641
6817121
6826601
6836111
6845621
6855139
6864661
6874187
6883717
6893251
6902789
6912329
6921869
6931411
6940961
6950521
6960091
6969661
6979241
6988829
6998419
7008013
7017613
7027219
7036829
7046443
7056061
7065679
7075303
7084927
7094551
7104199
7113851
7123511
7133171
7142833
7152499
7162171
7171849
7181527
7191211
7200899
7210591
7220299
7230023
7239751
7249513
7259279
7269061
7278847
7288643
7298443
7308251
7318061
7327877
7337699
7347533
7357373
7367221
7377077
7386937
7396801
7406677
7416559
7426451
7436347
7446259
7456171
7466093
7476019
7485949
7495883
7505821
7515763
7525709
7535659
7545611
7555571
7565539
7575511
7585499
7595491
7605487
7615483
7625483
7635491
7645507
7655533
7665583
7675649
7685719
7695797
7705883
7715969
7726057
7736149
7746247
7756361
7766483
7776607
7786739
7796881
7807027
7817179
7827331
7837483
7847647
7857823
7867999
7878181
7888373
7898567
7908767
7918987
7929217
7939447
7949677
7959907
7970143
7980391
7990639
8000887
8011139
8021413
8031703
8041993
8052293
8062597
8072903
8083223
8093543
8103863
8114207
8124551
8134897
8145283
8155669
8166061
8176459
8186869
8197279
8207707
8218141
8228579
8239019
8249459
8259907
8270359
8280817
8291281
8301757
8312251
8322751
8333261
8343781
8354303
8364827
8375359
8385893
8396441
8407001
8417579
8428159
8438741
8449327
8459917
8470507
8481101
8491697
8502301
8512909
8523523
8534137
8544751
8555389
8566031
8576681
8587333
8597999
8608667
8619343
8630029
8640739
8651459
8662201
8672947
8683699
8694451
8705219
8715989
8726777
8737571
8748367
8759167
8769967
8780773
8791603
8802433
8813267
8824103
8834939
8845789
8856649
8867527
8878411
8889301
8900201
8911103
8922013
8932933
8943859
8954789
8965721
8976659
8987609
8998579
9009551
9020527
9031511
9042511
9053543
9064579
9075617
9086663
9097709
9108763
9119819
9130879
9141943
9153007
9164083
9175171
9186263
9197369
9208489
9219611
9230743
9241889
9253043
9264209
9275377
9286547
9297733
9308921
9320123
9331331
9342539
9353749
9364963
9376183
9387403
9398633
9409871
9421109
9432347
9443587
9454831
9466099
9477367
9488641
9499921
9511207
9522497
9533789
9545099
9556423
9567751
9579083
9590417
9601751
9613099
9624451
9635807
9647171
9658541
9669929
9681319
9692719
9704119
9715553
9726989
9738427
9749867
9761309
9772759
9784213
9795683
9807167
9818657
9830153
9841693
9853241
9864791
9876341
9887921
9899501
9911081
9922667
9934271
9945877
9957487
9969103
9980731
9992363
